$coord
   -6.82554600912714     -3.52473795463936      0.02790860924415      c
   -5.06524231348906     -5.22902506568299     -0.75976854580327      c
   -9.60763822637846     10.72828342383142      1.18382856837505      c
  -10.84353706428190     12.85929771689914      0.19426025513189      c
   -4.54116267762047      7.74585189147790      2.89999147427628      c
   -3.25112394213695     -2.24333980288808      1.35501243293607      c
    4.22673908459371     -7.21005481980095      6.86387192260590      c
   -7.67755718933392      4.93467093101759      0.55973668914154      c
  -10.10895006395234     13.85596403043900     -2.14024919566615      c
   -7.65001102956048      9.63093269134411     -0.18025303817833      c
   -6.01387802503715      7.33543399077240      0.40994565814695      c
    2.29820100892993     -9.64996601287134      3.17517490432518      c
   -6.93297108116112     10.64995219726695     -2.52016767261063      c
    4.73127611774448     -8.70867453293400      4.43672223902772      c
   -8.13916512513896     12.76596168695991     -3.53757543112178      c
   -4.24981925461683      7.27891643978232     -1.91123990066418      c
   -1.40567145499459      3.63237826647894     -0.92762498060405      c
    1.34311131574841      0.03995995965872      0.27407642848510      c
    4.02892652229275     -3.60048857120804      1.42724872583079      c
    8.39105106666041    -11.07366035283433      4.06441331124187      c
    9.97439306011142    -13.09754588292439      4.55602348386453      c
    6.54266704738092     -7.40333506296461      2.61464112870428      c
   -2.26961209828091      5.66753941440942     -2.45678928195249      c
    0.66613507297202      2.09759051812884     -1.38232615639619      c
    3.57314366726687     -1.33930994267611      0.01195591924528      c
    6.14929712193612     -5.10158930577011      1.27855127934453      c
    8.70329353779413     -8.88640365290028      2.44981600358000      c
   -3.69708418973964      9.72444446581293     -5.89702832190181      c
    2.36730470282786      2.45195290588173     -3.65915814230885      c
    5.57034078427146     -0.49737232552187     -1.87002969820141      c
    5.17145266957014      2.16642832756104     -2.94497753850867      c
    7.07252187525898      2.89838785268692     -5.09972811450997      c
    6.83150129203628      5.74834996164941     -5.67302150989696      c
    6.58985728816507      1.40220872084383     -7.55322492663552      c
    9.80709749602442      2.40374901600433     -4.21389669482337      c
   -5.62566119376159     -1.62474400311543      1.36452021198690      n
   -2.77085514982385     -4.43593025480889      0.09980191684725      o
   -0.74300780891351     -0.69866311772782      2.90744644383793      s
    6.13384010709974    -10.96073409907894      5.19413467429880      o
   12.41158569317892    -13.35252549508447      3.42702380721460      c
   -4.93319996820218      9.21539797921096     -3.51410522162654      n
    9.16465410844945    -15.03443409141506      6.25830805213389      c
   10.82037128966534     -8.27062505683422      0.91322148808215      c
   14.40707884413693    -13.63439024081960      2.55123873852434      n
    8.52541550740923    -16.62163679533868      7.63662780017326      n
   12.45389930672587     -7.60932579301512     -0.39841738392367      n
   -8.85852849180853     -3.52744763292946     -0.28699705291700      h
   -5.10720349311376     -6.96059509765090     -1.86250348596486      h
  -10.18811787227218      9.95048141059347      3.00811083168845      h
  -12.38251263469678     13.74045792257827      1.25138722219348      h
   -3.35297073162366      6.10883109362122      3.37200972232927      h
   -3.32342372982946      9.42814032275953      2.78331014573865      h
   -5.88078801558678      8.03174912379037      4.46671805077651      h
    3.05928310336242     -5.53390988815047      6.48797516079984      h
    3.22244923792188     -8.42679750397906      8.21821388071295      h
    6.01345075796037     -6.59407288920389      7.72995003511178      h
   -6.57863779519056      3.21884023896907      0.96487923039753      h
   -9.08250166668837      5.15919533900798      2.07990910667117      h
   -8.71372879442692      4.64014690997359     -1.22052912841402      h
  -11.07952511786210     15.51400595273340     -2.89882683606567      h
    1.07971864288149     -8.06824729416139      2.60360304943772      h
    2.74597973998234    -10.78257374361102      1.49031946907585      h
    1.25422634672312    -10.84866313536756      4.51559203753771      h
   -7.58964656309849     13.56990749421422     -5.35582190919313      h
   -2.46618915764160      3.22875619886282      0.79063211978849      h
    2.50368548135165     -4.16934262198307      2.68565646954987      h
   -1.26709254704264      6.01208788747929     -4.22454681331653      h
    7.70530252624090     -4.54861708026428      0.03869667774441      h
   -4.63676467815574     11.30441518785761     -6.85023509197276      h
   -1.69153996346997     10.22421693248569     -5.61600714990872      h
   -3.78498839090624      8.06112812893209     -7.14950761682272      h
    1.87182588288286      1.02886781362132     -5.10706611002450      h
    2.02626696295232      4.30777980047568     -4.51605634324653      h
    7.42128670525811     -0.60717108254100     -0.92869021922050      h
    5.64657498175544     -1.89879057392776     -3.41885735576703      h
    5.53213127792198      3.51284099484916     -1.38675945388456      h
    8.23280880249128      6.32434793306596     -7.10186762122090      h
    7.16801672832298      6.89331933583333     -3.96438613904057      h
    4.95558056161396      6.25289644343080     -6.42015289018702      h
    8.01770600204043      1.89417642964926     -8.98775325544359      h
    6.70742527620038     -0.65534076837555     -7.25549952056379      h
    4.72323684486510      1.82336555717035     -8.37350798315506      h
   10.19611519323160      3.33682510058747     -2.39057686902523      h
   10.21805793710030      0.37647879745244     -3.99663393741208      h
   11.16469337354548      3.15465417936526     -5.60326926199306      h
$user-defined bonds
$end
