$coord
  -13.44927959434808      5.44487519084359     -0.48654534121484      c
  -11.07102429028899      6.66053883469380     -0.45717708467103      c
   -8.83623067007133      5.32252567700937     -0.26476789663002      c
   -8.85113624036535      2.66064086377042     -0.09356980897572      c
   -6.56415626602698      1.23645802827875      0.12853653562122      c
   -6.59527510280351     -1.34166731712833      0.28820286569690      c
   -8.90909184312297     -2.75637757826697      0.22587548847564      c
   -8.95759694399183     -5.46049415266749      0.37023741672092      c
  -11.34171771748152     -6.66615408508543      0.33849026824087      c
  -13.58520001103720     -5.32336171789264      0.19839662890225      c
  -13.59114661732503     -2.66714764372125      0.03644587344920      c
  -15.87740872873998     -1.23992936121906     -0.15377886413362      c
  -15.85972703091947      1.33688472598354     -0.32499160973853      c
  -13.53750791259129      2.74385118213483     -0.31675957851945      c
  -11.21178284444387      1.34695465324971     -0.12483635629883      c
  -11.23051196334526     -1.36102344868541      0.04238045807887      c
  -15.76117764695212      6.91871590154818     -0.68358865803145      c
   -6.63059959606012     -6.93801568185297      0.52084095866047      c
  -15.97496434673116      9.45181573329418     -0.85198666726616      c
   -6.45905369506125     -9.34630117338415      1.39471437972826      c
   -4.33478822095053    -10.82766541251756      1.37311296222256      n
  -18.45018000595271     10.62303363659705     -1.03616106072774      n
  -18.46206636167116     12.93647028626990     -1.17886421816224      o
  -20.34613046253881      9.29343256288159     -1.04093705089456      o
  -10.98788778755421      8.71786760024374     -0.58676985678735      h
   -7.02861117105858      6.32225446145703     -0.24168894587410      h
   -4.76933884092519      2.25889912160691      0.18176164545404      h
   -4.80562009029084     -2.34184719391164      0.48959782617493      h
  -11.42463872996919     -8.72807189611671      0.36113512400845      h
  -15.38766430024999     -6.33451932347243      0.16675277146592      h
  -17.67576648054024     -2.25871104835373     -0.16175855971020      h
  -17.65923683157113      2.32705888876085     -0.46715097744008      h
  -17.57062454909673      5.93010917707414     -0.70322447553087      h
   -4.88184867697883     -6.04529075427890     -0.12444875033101      h
  -14.47351309137279     10.85562994040725     -0.87153918122457      h
   -8.12540701587664    -10.30026520927572      2.16598379084641      h
   -4.23609427963167    -12.30356527287113      2.58531909638920      h
   -2.65164565791455    -10.02012727103602      0.94147465551802      h
$user-defined bonds
$end
