100
Energy =
C     5.0209032    4.3813725    1.8609045 
C     6.1350005    3.7657328    2.3456782 
C    -1.8857800    3.2665795   -1.5764823 
C    -3.3187989    3.1646777   -1.4183802 
C     1.0158569    1.8516672   -2.2989874 
C     5.5388601    2.8413960    0.4853498 
C    10.3688008    1.5728584   -1.9578210 
C     1.1184077    3.3097437   -0.1857675 
C    -3.8700552    2.1125289   -0.6347451 
C    -1.0789392    2.2886250   -0.9305963 
C     0.4405008    2.1031972   -0.8834394 
C    10.5078668    2.0468709    0.5467511 
C    -1.6710164    1.2900208   -0.1714030 
C    10.8392053    1.0701763   -0.5880428 
C    -3.0718724    1.1773171   -0.0108593 
C     0.5725611    0.8354219   -0.0106496 
C     3.0504507    0.4510324   -0.0027191 
C     5.5041697    0.1332377   -0.1115558 
C     7.9549497   -0.1688509   -0.2066816 
C    12.7368373   -0.2455113   -0.4349673 
C    14.0979260   -0.4987252   -0.4618312 
C    10.4391568   -0.3699158   -0.2842928 
C     1.7102143    0.1349278    0.3487746 
C     4.1856690   -0.2902881    0.2887724 
C     6.6351958   -0.6730889    0.0207685 
C     9.1261877   -0.8868142   -0.1031661 
C    11.6072032   -1.1187288   -0.1976365 
C    -1.0043096   -0.6967522    1.2182320 
C     4.1284208   -1.5996135    1.0501017 
C     6.4887195   -2.1227441    0.4502413 
C     5.0507674   -2.6575665    0.4184839 
C     4.8903785   -4.1004097    1.0130125 
C     3.4802970   -4.6344517    0.6821607 
C     5.0857265   -4.1285919    2.5422392 
C     5.9160466   -5.0525932    0.3617468 
N     4.6528087    3.7718701    0.6747869 
O     6.4813179    2.7849140    1.4660111 
S     5.6899079    1.7639168   -0.9003548 
O    12.2956727    0.9970121   -0.6569606 
C    14.6460603   -1.7983242   -0.2407560 
N    -0.6900263    0.4539508    0.3845013 
C    15.0079218    0.5734041   -0.7215852 
C    11.6300229   -2.5127026    0.0830273 
N    15.1347294   -2.8392337   -0.0673943 
N    15.7577705    1.4371722   -0.9305276 
N    11.5453559   -3.6477887    0.3193163 
C    -1.2036285   -2.0001787    0.4325581 
C    -1.5353539   -3.1927857    1.3354757 
C    -1.7460703   -4.4950029    0.5610673 
C    -1.3823902    4.3432409   -2.3689879 
C    -2.2309568    5.2526481   -2.9654411 
C    -3.6354313    5.1453415   -2.8095853 
C    -4.1609186    4.1215771   -2.0511875 
H     4.4583610    5.2108824    2.2858649 
H     6.7569191    3.8831904    3.2287887 
H     0.8270084    2.7132689   -2.9542614 
H     2.1013287    1.6850521   -2.2691826 
H     0.5454987    0.9701289   -2.7607406 
H     9.2813738    1.7307720   -1.9735810 
H    10.8651084    2.5295257   -2.1798128 
H    10.6309729    0.8526022   -2.7466463 
H     2.2080870    3.1933616   -0.1060861 
H     0.9239086    4.2360086   -0.7455506 
H     0.7133601    3.4448798    0.8292467 
H    -4.9569509    2.0524510   -0.5323338 
H     9.4224978    2.1892511    0.6473825 
H    10.9014477    1.6721410    1.5032485 
H    10.9746670    3.0206702    0.3349407 
H    -3.5164822    0.3762598    0.5812683 
H     3.2175296    1.3660264   -0.5693456 
H     8.0119856    0.8880974   -0.4622535 
H     1.5537894   -0.7603776    0.9512722 
H     9.0854710   -1.9516985    0.1387541 
H    -0.2015483   -0.8143768    1.9623936 
H    -1.9125878   -0.4580404    1.7932434 
H     4.4375381   -1.4210957    2.0970154 
H     3.0962267   -1.9676061    1.0890004 
H     7.1276699   -2.7358998   -0.2027798 
H     6.9154130   -2.2290197    1.4652586 
H     4.7598434   -2.7363680   -0.6459254 
H     3.3663982   -5.6707072    1.0397998 
H     3.2988619   -4.6353142   -0.4055570 
H     2.6842376   -4.0398143    1.1575477 
H     5.0185153   -5.1637937    2.9151630 
H     6.0725423   -3.7412879    2.8430081 
H     4.3166647   -3.5421268    3.0699198 
H     5.8559601   -5.0173530   -0.7391236 
H     6.9515843   -4.8178015    0.6519990 
H     5.7228058   -6.0926932    0.6709358 
H    -2.0116747   -1.8541900   -0.3057364 
H    -0.2912076   -2.2139630   -0.1511546 
H    -0.7237355   -3.3292994    2.0737731 
H    -2.4413910   -2.9630463    1.9262044 
H    -1.9850728   -5.3307244    1.2374572 
H    -2.5750047   -4.4018527   -0.1606325 
H    -0.8431708   -4.7735631   -0.0076486 
H    -0.3074155    4.4558436   -2.5071681 
H    -1.8144944    6.0662922   -3.5653507 
H    -4.2947900    5.8731342   -3.2890525 
H    -5.2432450    4.0294539   -1.9222095 