$coord
   10.99800537607320      6.26102733369875      5.92368856476963  c
   12.12643343395728      4.13256946793559      6.82518903725411  c
   12.30228582389481      4.18067534272682      2.75479102042434  c
   22.26444964154009      3.53168460439070     -1.60194780301773  c
   22.09704937821845      2.65832529622402      3.13796048435310  c
   22.94184667722431      1.69966095651177      0.53741998589987  c
    3.49671137230003      0.95240404277073     -0.18421042540843  c
    8.18512504238137      0.27913175790028     -0.09412102449448  c
   12.84212333011245     -0.19094556706911     -0.09245507205206  c
   17.48572932882251     -0.68519823839423     -0.08728505950363  c
   26.53332490348469     -0.77572296886667      0.22144978403827  c
   29.10683188759912     -1.24699823760966      0.23762855118011  c
   22.18815756093835     -1.03176043654856      0.01062323797055  c
    5.62882350292382     -0.51118099915905      0.23031453279493  c
   10.32091794869931     -1.21687056968698      0.10877412222403  c
   14.98740614676836     -1.71226336090171     -0.27064076404352  c
   19.70572032396434     -2.03105809200440     -0.26368177176189  c
   24.39701765128766     -2.44162411136631     -0.16142084113972  c
   10.18977605175619     -4.04117582463045      0.55712020172312  c
   14.72146058993598     -4.55066390674975     -0.60648324283931  c
   12.03038752092056     -5.46240229993487     -1.19027035615944  c
   11.72081598418066     -8.41050416482913     -1.17144419498955  c
   13.76607653251004     -9.63037196041963     -2.85531822724768  c
    9.11932207201214     -9.11212250527939     -2.28926182961553  c
   11.92203363526307     -9.52456293885699      1.51420668062750  c
   11.11408434218677      6.25069099767433      3.30913394124153  n
   12.99614072009310      2.79096261337246      4.79594230592883  o
   13.24219123155869      3.20150871585196     -0.28575498171401  s
   25.69734758632486      1.57614077777573      0.61177676598997  o
   30.14226143479321     -3.70684063314854     -0.15840525452912  c
   30.83081432221393      0.78958991281408      0.66590489061464  c
   24.44334924315006     -5.08621347874110     -0.63664385434635  c
   31.06612544489074     -5.67598081705749     -0.47093684198840  n
   32.25367057850830      2.42793771172405      1.01057789118923  n
   24.28810668683063     -7.24176169054865     -1.03103496781759  n
    0.99764272731447      0.00599184668671      0.61051581244139  c
    3.62181074700981      3.44763398098885     -1.43936483257594  c
    2.30616747825239      5.55294816542892     -0.46336591269824  c
    2.44733763768403      7.92556008173179     -1.57617332927292  c
    3.89946699128342      8.33399622070393     -3.79707171606045  c
    5.17783523955842      6.20870628172782     -4.81799162181102  c
    5.04226646272318      3.85563404838286     -3.65783978885119  c
   -1.22384191184341      0.63173291292146     -0.73216805513662  c
   -3.57789309680010     -0.32283486551862     -0.07225826728843  c
   -3.87061082753923     -1.97110550189213      2.02476340548809  c
   -1.64995208700718     -2.57859259799038      3.40658670085442  c
    0.68960419008769     -1.62001853580987      2.70630895575115  c
   -6.19760057980122     -2.92793726308587      2.69516759088055  n
    4.04932612394328     10.68236014932380     -4.91427918468086  n
    5.61068220527514     11.05073004607902     -7.13607555474260  c
    2.72502255283187     12.81563191577651     -3.81745938513244  c
   -6.41881644383229     -4.65702099825497      4.80971656497813  c
   -8.43217516289512     -2.23880027997242      1.26625287904348  c
   10.09417801026982      7.78422573463487      6.97105965307461  h
   12.44175291574582      3.32248995819254      8.68479526580925  h
   20.21267721971980      3.83592703492613     -1.71236496790039  h
   23.18735016868944      5.36161408888954     -1.25039937639809  h
   22.92800348823130      2.79998251725448     -3.43090610594223  h
   20.03518247019745      2.89353468689688      3.21762320412538  h
   22.66836528838978      1.32703161766733      4.62853012570811  h
   22.99330543601623      4.49661917967799      3.51435260074961  h
    8.48106417079933      2.27691839220800     -0.51679732511944  h
   17.58174812679279      1.33901751826670      0.27661394858113  h
    5.30406004367869     -2.42852542720216      0.92183284807923  h
   19.63445953489435     -4.05980435087965     -0.64219188270536  h
   10.68164503998653     -4.43500627468880      2.54981783955583  h
    8.25184845688569     -4.71512624712750      0.27401317068802  h
   15.43654036244624     -5.47967590748050      1.12299086287844  h
   16.01260390472982     -5.13959114457019     -2.12805518244683  h
   11.58923980203644     -4.85821644682240     -3.14193018163617  h
   13.41068131605755    -11.67231762708965     -3.06019269356024  h
   15.67765458307455     -9.42269947134082     -2.06196171049985  h
   13.76945280906679     -8.80055950828750     -4.76764430512844  h
    8.90367873688877    -11.18119970617486     -2.38635432249906  h
    7.53923288282859     -8.38609664731464     -1.14601596322559  h
    8.90187736417577     -8.36475651895713     -4.22256166072642  h
   10.39330552854417     -8.85355123567471      2.75839048169102  h
   11.78832432731324    -11.60202763066328      1.44093889319075  h
   13.73764118334957     -9.06353920401924      2.42513251231240  h
    1.17818810280974      5.32868342796057      1.25192592936252  h
    1.42878691726034      9.48402311550330     -0.69743886349861  h
    6.28332837126554      6.38679255852983     -6.54542134169461  h
    6.02587421034305      2.26453057153416     -4.53136784976085  h
   -1.08741502381389      1.86680393085883     -2.37993581875874  h
   -5.20571786155087      0.20778793900008     -1.21585626567377  h
   -1.75647142262474     -3.79186172753318      5.06665721261099  h
    2.32976263181814     -2.10113795276495      3.86483302263688  h
    7.61547597779860     10.58375900499953     -6.77536911066246  h
    4.97239719275881      9.88629010681046     -8.74980069727192  h
    5.51960543591355     13.03884671874972     -7.72064959517107  h
    0.66040733330673     12.50298785548672     -3.74037731573512  h
    3.37233866333116     13.23637660930738     -1.87468197759831  h
    3.06122013665645     14.50367643442030     -4.97478326559543  h
   -5.26611072489362     -6.37916487336524      4.54094329066888  h
   -5.82997834043884     -3.78030280843915      6.61334759110028  h
   -8.39640419226637     -5.24789960551572      5.01224635004413  h
   -8.76589659948405     -0.17658990536359      1.27956446552679  h
   -8.31162166689675     -2.84363588248522     -0.73086728557714  h
  -10.09510316105264     -3.15226818911256      2.10426123959508  h
$user-defined bonds
$end
