$dipgrad          cartesian dipole gradients
  -.12618222386606D-01  -.13240662864484D+00  -.88286205238102D-01
  -.10495286426482D+00  0.15644013605878D+00  0.11290775020713D+00
  -.51750491021871D-01  0.34711734983833D-01  0.19365514045665D+00
  -.13850882790099D-01  -.12126778972274D+00  -.18865463979058D-01
  -.95402968832416D-01  0.15293510615597D+00  -.84858381398838D-02
  -.15423425905248D-01  -.83804790751342D-02  0.44973625799628D-01
  0.17730254620263D+00  -.34527266248328D+00  -.15283589333408D+00
  -.10534916588439D+00  0.43925674876449D+00  0.23288755206525D+00
  -.44016114518845D-01  0.37371349408367D+00  0.74059506553338D+00
  -.80008599581808D-01  0.20937804217012D-01  0.93668957483481D-02
  -.35381643849779D-02  -.10489359571093D-01  0.26937380921907D-01
  -.83789474044208D-01  -.16303638281903D-01  -.24820092490674D-01
  -.86791392099794D-01  0.23263199587292D-01  -.18868575906490D-01
  -.28054358010533D-01  -.88615846289421D-02  -.22178460340663D-01
  0.78830140325136D-01  0.27715727079197D-01  -.21827957959783D-01
  0.56401406638011D+00  -.20066817788608D+00  -.36937754808622D-01
  0.34496486378562D+00  0.21534869621905D+00  -.17491107549520D-01
  0.68180387098090D-01  -.36306395300207D-01  0.36208420935637D+00
  0.35002434974969D+01  -.76901261717129D-01  -.17001919196639D+00
  -.16069720109979D+01  0.13302197561515D+01  -.57799358999906D+00
  0.22669233563178D+00  -.50715199374707D+00  0.22680063679312D+00
  0.40532400241763D+01  -.73889992766260D+00  0.14781485721526D+00
  -.82448595775220D+00  -.10603965301029D-01  -.24672405585536D-01
  -.29540238530209D+00  0.45452843153854D-01  -.64951159122384D-01
  0.41491365470635D+01  -.69083317628185D+00  0.43102404928711D-01
  -.24213071093134D+00  0.34148370363622D+00  0.21616679865056D+00
  -.25370040177438D+00  0.14129885074022D+00  -.16049673785641D+00
  0.44116500277622D+01  -.63073186738853D+00  0.41663427846431D-01
  -.19395248316692D+00  -.82323891567425D-01  0.15097860084346D-01
  -.86559581402661D-01  0.20296286090589D-01  -.39766806521630D-01
  0.36418518076105D+01  -.38917973825643D+00  0.36433598065948D-01
  0.88158693529837D+00  0.57771259617424D+00  0.10024933275794D+00
  0.30095796522884D+00  0.58414791314835D-01  0.18466854644190D+00
  -.19583394894695D+01  0.28562499753846D+00  -.49782023302640D-02
  -.84790955005942D-01  -.68310526536232D-01  -.59248546098173D-02
  -.85571713990543D-01  0.51941781919917D-02  -.47783333533657D-01
  0.45217739582610D+01  -.58339890552555D+00  0.26116630043493D-01
  0.39303923117256D-01  0.37260648121610D-01  0.15661427722514D-01
  0.20110532230458D+00  -.70013534997493D-02  -.49716215109786D-01
  -.40798230332572D+01  0.65139890974922D+00  -.83195967581820D-01
  0.91853864368320D+00  -.33813236440599D+00  0.79979402922764D-01
  -.25357130619889D+00  -.34981504465882D-01  -.10211564620803D+00
  -.41700615530813D+01  0.71217719037816D+00  -.88360456757133D-01
  0.42204899717782D+00  0.23804373759544D-01  -.10362067512811D+00
  -.25380364088042D+00  -.46077228824356D-01  -.55440247604511D-01
  -.40197060821375D+01  0.49508533572388D+00  -.10542809078255D+00
  0.56073465384678D-01  0.16175690322715D+00  -.20554837720403D-01
  0.17987719156353D-01  -.31161450745597D-01  -.74781138861367D-01
  -.42217218011575D+01  0.54566866944503D+00  -.29773342046515D-01
  0.21487367394505D+00  -.28567292219290D-01  0.11458973304468D-01
  -.99927580404496D-01  0.32749176325744D-01  -.12022381001768D+00
  -.32923068061056D+01  0.34156926999590D+00  -.31994334469926D-01
  0.55843486536154D+00  -.21279710038163D+00  -.17884595488550D-01
  -.11954447133956D-01  -.26255528865248D-01  -.22968330891071D-01
  0.93524042904223D-02  -.26212309299088D-01  0.50984229454872D-02
  0.54018986164715D-01  -.63980878672196D-01  -.30145584563366D-01
  0.88423730298361D-01  -.38503934980628D-01  0.14565828836852D+00
  -.48327250907033D-01  0.10126219127771D+00  0.34051578848083D-01
  0.41610665684356D-01  -.76197802265603D-01  -.32239944684827D-01
  0.69126481055140D-01  -.37934660022327D-01  0.13745881417112D+00
  -.20261326971968D-01  0.17929171348316D-01  0.67551674682633D-02
  0.61215467388014D-01  0.13210506380168D+00  0.13428785636486D-01
  0.23639082234130D-01  0.87722311193359D-01  0.76134325373225D-01
  0.10181924898763D+00  0.38194970335672D-01  0.76166396191480D-02
  -.52542642764556D-02  0.22048043439119D+00  0.31026088477319D-01
  0.22537802471161D-01  -.48628354439033D-01  0.12625223927615D+00
  0.14026747090538D-01  0.17611047049545D-01  0.17324315863875D-01
  0.29211471588986D-01  -.21451874843671D-01  -.26052578899372D-01
  0.50424463577113D-02  0.18765122416329D-01  0.45937867929838D-01
  0.50933118840421D-02  -.23568253187918D-01  -.16005839578061D-01
  -.91319081598021D-02  -.28888255939269D-02  -.19417333730144D-01
  -.50298577586135D-02  0.25707982300212D-01  0.52216970754251D-01
  0.34414429088749D-01  -.26390082824357D-02  -.57282439636520D-02
  -.63212402701649D-03  -.30980039160291D-01  0.23910968338060D-02
  -.30425962508140D-02  0.25709242411304D-01  -.11445998492799D-01
  -.21803562732428D+00  0.12138869180826D+00  0.76429489041305D-01
  0.10764949726760D+00  -.55048383047718D+00  -.23387095287172D+00
  0.33829722480396D-01  -.12166061814305D+00  -.50546195214945D+00
  -.19500783773781D+00  0.29683305463822D+00  0.54619158415212D-01
  0.14896392714053D+00  -.47392377490194D+00  0.62878620544063D-01
  0.65399262092134D-01  -.16528731868999D+00  -.49370974510948D+00
  -.10133628242706D+00  0.17112229550322D+00  0.13954290300613D+00
  -.17011267337551D+00  -.68754770590658D-01  -.15493923338243D+00
  0.16327824927235D-01  -.12958792830108D+00  -.65251900513250D-02
  -.11733118931396D+01  0.36859603115426D+00  0.46066849077231D-01
  0.48001340917135D-01  -.87947229467954D+00  -.11054838834491D+00
  -.27280448882665D-01  -.92796060823246D-01  -.29509498725359D+00
  0.35113894800329D+00  -.22936834383932D+00  -.36845126545383D-01
  -.86830593414688D+00  0.45468688829901D+00  0.29323294318309D-01
  -.14057510835062D+00  0.42824960827657D-01  0.14715552612854D+00
  0.68189230357824D+00  0.17821234548159D+00  0.48137061162964D-01
  0.91765351927586D+00  0.12128884824184D+00  0.24927564401846D-01
  0.19121081267213D+00  0.42974288168153D-02  0.14038762346888D+00
  0.21100232184871D-01  -.42662953852595D-01  -.12593452162088D-01
  -.90644918961514D+00  0.46176108840329D+00  0.35607654598086D-01
  -.16147797181219D+00  0.52651063800223D-01  0.14238003243798D+00
  -.55437414806981D+00  0.11769511464600D+00  0.13749123055687D-01
  0.53085555248318D+00  -.42396732346054D+00  -.11343163783806D-01
  0.94584344462096D-01  -.25495674664698D-01  -.29054584059969D+00
  -.76108076211186D+00  -.39961648688667D-01  -.19751122068571D-01
  -.52551530389289D+00  -.28668810546807D+00  -.15178013466130D-01
  -.10677217306208D+00  0.92171403605694D-03  -.30286661375287D+00
  -.15733961849867D+00  -.46647632293193D-01  -.59348812757940D-02
  0.57254025081690D+00  -.44083408761866D+00  -.19933410717982D-01
  0.11749017496480D+00  -.40803407845864D-01  -.26999550320722D+00
  -.18115827380206D+01  -.13190915414811D+00  0.12044617742023D+00
  -.84282327240276D+00  -.24318147875257D+00  0.21128743311444D+00
  0.19867946676432D+00  0.30865862894518D+00  -.29473832173260D+00
  -.14274815066473D+00  -.83219386704781D-01  0.15207369042142D+00
  0.88472936402203D+00  -.95030068832165D+00  0.33751747208232D+00
  -.50746575681099D-01  0.31376046952026D+00  -.31540616905675D+00
  0.49716767044119D+00  -.41393274582706D+00  0.75594199881718D-01
  -.49821214416738D+00  0.66257127834247D+00  -.16595697266005D+00
  -.12266551374934D+00  -.11018455763697D+00  0.77137028056113D-01
  0.30317740173147D-01  -.39518097267108D+00  0.95370653203079D-01
  0.25835989067508D+00  -.48714396017849D+00  0.17732874675422D+00
  -.47009595035530D+00  0.73970092793936D+00  -.37133372345494D+00
  -.93957031905490D-02  0.19404614330363D+00  0.30925412410397D-01
  -.74872944816978D+00  0.20159130809618D+01  -.94631393240998D+00
  0.44908079679626D+00  -.95718174500150D+00  0.43238960809584D+00
  -.23752953826632D+00  0.26075202376561D+00  -.21589192279259D+00
  0.44965629226384D+00  -.90141955658408D+00  0.42472717337023D+00
  -.21505706036878D-01  -.90561019556417D-01  -.29472882371916D-01
  -.54093669616250D+00  0.40562435299063D+00  -.28436381788056D+00
  -.26379170852973D+00  0.43429749311021D+00  -.27106217981814D+00
  0.23246143238358D+00  -.36141381066082D+00  0.26991255106207D+00
  0.13359551960814D+01  0.13687158497919D+00  -.49527285734339D-01
  -.30404959951248D+00  -.62308211126616D-02  -.39559055218529D-01
  0.19447822889747D+00  -.97580758035602D-01  0.36771848121925D-01
  -.73886461853804D+00  -.91791805882389D-01  0.10572316188382D+00
  -.92254063608193D+00  -.27263513790662D+00  0.61542572976783D-01
  0.10517948844137D+01  0.12351181863669D+00  -.22535746783573D+00
  0.29449735196985D+01  0.66662609960863D+00  -.59720112022589D+00
  0.10988784045930D+01  0.32984790747699D+00  -.13226343888026D+00
  -.82509645772232D+00  -.81158945551723D-01  0.14221193345588D+00
  -.16328039844152D+01  -.28538987568471D+00  0.30809833287056D+00
  -.61825433264360D-01  -.11275867478471D+00  -.62574678637419D-01
  -.45070221767497D+00  -.13088597469094D+00  0.55104806551534D-02
  0.58016207050515D+00  0.14870926375756D+00  -.12800598803274D+00
  0.10294686502218D+01  0.11386179381273D+00  -.24767824122578D+00
  -.59803409813384D+00  -.17345997138195D+00  0.15832463388529D+00
  -.33669823375064D+01  -.53819191409738D+00  0.41698961834311D+00
  -.11923215688275D+01  -.54276594439429D+00  0.36242510149213D+00
  0.79501417578064D+00  0.30275181510083D+00  -.56684195003247D+00
  -.29556957121645D+00  -.22558985096608D-02  0.19824077795030D+00
  0.98103519295297D+00  -.22003115106821D+01  0.79563924060539D+00
  -.32924336578974D+00  0.87091447050272D+00  -.81914230381999D+00
  0.10876068065749D+00  0.32480824058635D+00  -.31874843461805D+00
  0.90228263793143D-02  0.15583877379357D+00  -.37632564553730D-01
  0.96228129694330D-01  -.42213936253065D+00  0.69887068842090D+00
  0.49167630559303D+00  -.46589520884426D+00  0.66866376711403D-01
  -.44896592614242D+00  0.79195176988838D+00  0.28518264094535D-01
  -.21755987931006D+00  0.41204378801474D+00  0.15593767170776D+00
  0.12655438238482D+00  0.28437747993825D-02  -.29624110055365D-01
  0.56822017623286D+00  0.47315707983216D+00  -.29024002809062D+00
  -.76455381610970D+00  -.30949497380618D+00  0.60520702091258D+00
  0.11722439947735D+01  -.19199224181647D-01  0.12247724589280D+00
  -.44119009472764D+00  0.18044333839632D+00  0.20474027813801D-01
  0.71895333339711D+00  0.58178588362154D-01  0.25239631153825D+00
  0.82864302516825D-01  0.51898953852779D-01  0.46573297992367D-01
  0.29196416966356D-01  0.58653809551561D-01  -.50692321514560D-01
  0.17633999026642D-01  -.45176744074823D-01  0.40083932626558D-01
  0.11480661167357D+00  0.36976435364523D-01  0.37977788968741D-02
  0.32447947813049D-01  0.86996686298065D-01  0.30315205967587D-01
  0.36829621792522D-02  -.15815682910479D-03  0.55025003781253D-01
  -.43023733596941D-01  0.31628781249054D-01  -.11441748687293D-01
  0.71115086340036D-01  0.49859244035099D-01  0.53539530285975D-02
  -.92319085117324D-02  0.16048979684560D-01  0.49180081080435D-01
  0.18155940297832D-01  -.54341350548432D-01  -.14282199490394D-01
  -.84040206063847D-01  -.51992770498012D-01  -.21791920289337D-02
  -.11742304907780D-01  -.17453731441368D-01  0.49242721440180D-01
  0.49822046679388D-01  0.10574869592635D-01  0.38837113010945D-01
  0.62050119202703D-01  0.31142977595703D-01  -.48272760969225D-01
  -.20419942631138D-02  -.12991385695825D-01  -.53588050501172D-01
  -.47629461262749D-01  0.25639428439627D-01  0.98364059259980D-02
  0.65247467678024D-01  0.53624058986667D-01  0.27498794980979D-02
  0.27305135214355D-01  -.10121261149514D-01  0.38868906356115D-01
  0.51045889969528D-01  0.18409843509005D-01  -.22126920588075D-01
  0.53479639171408D-01  -.22235378394320D-03  0.69456928949898D-01
  0.27957893417175D-01  0.34700345708133D-01  -.24442514332262D-01
  0.18186151616176D-01  -.52729872967750D-01  -.51671597769871D-02
  -.81025297100901D-01  -.47157396990212D-01  -.39414935155182D-01
  -.22021624679129D-01  -.22522672404206D-01  0.40189035502952D-01
  0.79339948034900D-01  -.16989758931556D-01  0.60120264382135D-01
  -.45225685201637D-01  -.72275300596158D-03  0.81482629451490D-02
  0.13976705744418D+00  0.12670286499000D-01  0.79465460621935D-01
  0.11605180108256D+00  -.50347031178177D-01  -.31908216044677D-01
  -.80843251680565D-01  -.22372971124467D-01  -.26819564916639D-01
  0.86981560272086D-02  -.21824192121593D-01  0.85693322574427D-01
  -.20374848553493D-01  0.84968068581405D-03  -.22608633576689D-01
  -.39037687102691D-01  -.95853030613459D-01  0.63952646338108D-01
  0.18035617499364D+00  -.14844233074379D-02  0.93873655385837D-01
  -.24444369843466D-03  0.78073356168696D-02  0.28489877794215D-02
  -.74021330869157D-01  -.89525036306806D-02  -.25016275446671D-01
  -.41078910617619D-01  -.18833819181311D-01  0.90325829362861D-01
  0.89618662449092D-01  0.12173783716267D-01  -.37462796683368D-01
  0.27085115677660D-01  -.30539581248852D-01  0.14097383113149D-01
  0.42349701852907D-02  0.44360086066371D-01  -.81593368257398D-01
  -.38441961356804D-01  -.91722127730727D-01  -.82790509573842D-02
  -.28036504559117D-01  0.39834756210139D-01  -.15303537227154D-02
  0.86556185624979D-02  0.65312071159789D-02  0.37198349343685D-01
  0.46218478994252D-01  0.22201727188072D-01  -.35105445501225D-01
  0.72229794052504D-01  -.49982479537336D-01  0.13672434836834D-01
  -.23964147744840D-01  0.37245363577264D-01  -.41853240180343D-01
  0.10126922050584D-01  0.36948727486337D-01  0.54477201674062D-01
  0.58468787375965D-01  -.65432623791591D-02  -.16882424462324D-01
  0.55072489918253D-01  -.36965949915256D-01  -.11228785030580D-01
  0.20716133202565D-01  -.12087578116558D-01  -.24301936375370D-01
  0.96812027207196D-02  -.10232755921176D-01  0.48160570162400D-01
  -.30063807645553D-01  0.26064581898855D-01  -.11983222582907D+00
  0.51037352829644D-01  -.59320654717583D-01  -.76430915693817D-03
  0.30259588396146D-02  -.17878887592939D+00  -.46656756749292D-01
  0.15499435653049D-01  -.21183182324222D-01  0.49426308285547D-01
  -.72678222058722D-01  -.27833107007994D-01  -.37139437071227D-01
  -.36919137974470D-01  0.88205505586115D-01  -.91520018698647D-02
  -.44513728640309D-01  -.28400561066871D-01  0.59778313600707D-02
  0.28934060857747D-01  0.20781039394249D-01  -.14297890890094D-02
  -.12668921271921D-02  0.32771374475078D-01  0.89111848755532D-01
  0.17478908051632D-01  0.58025448074701D-01  -.10526567727310D+00
  0.45711186608012D-01  -.53841517056425D-02  -.98328527548684D-02
  -.45332010813633D-01  -.17903214800596D+00  -.30959901208631D-01
  -.83037250773213D-02  -.16228703000098D-01  0.54569024831075D-01
  -.50721362045802D-01  0.64490598310822D-01  0.54377997479313D-01
  0.57671605813793D-01  0.60554245497851D-01  -.32312366716929D-01
  0.58059508485987D-01  -.51881079843688D-01  -.18262046636043D-01
  0.21475673331715D-01  -.56955214211264D-02  -.85393253025036D-02
  0.10385406459363D-01  0.39011394427362D-01  0.82865055841009D-01
  -.30282439327724D-01  0.49190763886629D-01  -.10554989676031D+00
  -.30691271485528D-01  0.47968166188119D-01  0.86355402001054D-01
  0.48692663754465D-01  0.57404016993131D-01  -.40763534375732D-01
  0.50160535698089D-01  -.36957755007886D-01  -.43470433429647D-01
  0.57516791548757D-01  -.22030722608637D-01  0.43325962671858D-03
  -.68008783473601D-02  -.17813150966699D+00  0.18612464439726D-01
  -.93160451896493D-03  -.29617179807045D-01  0.51699951874087D-01
  -.65608447251368D-01  -.50170692944984D-01  -.82198276046410D-01
  -.43540877596728D-01  0.74138801788330D-01  -.23992089238823D-01
  -.34648620103881D-01  -.35951991242462D-01  -.11449253980515D-01
  0.59672779779766D-02  -.11176963182954D-02  0.58946536296407D-01
  -.18946119045840D-01  0.10316605616168D+00  0.11947426491403D-01
  0.60924860586802D-01  0.33737414908070D-01  -.19866399466537D-01
  0.18968100132208D-01  0.86810912804798D-01  0.25847818262091D-01
  0.92578220977787D-01  -.44777221439684D-01  -.21892749259865D-01
  0.18681702652281D-01  -.30193061832603D-01  0.59163242476299D-01
  0.10373188373681D+00  -.55039744912409D-01  0.99282692990921D-01
  0.30498990408188D-01  0.42735325638549D-01  0.28281135024725D-01
  0.55049781392170D-01  0.27992106887383D-01  -.12034541584979D-01
  0.69361893079850D-01  0.31977207142165D-01  0.42791654615741D-01
  0.22109661598491D-01  -.17298370652230D-01  -.36764049922146D-01
  0.79486703416123D-01  -.56137206796056D-01  0.77625077663366D-01
  0.11048724558119D+00  0.31989714369369D-01  -.30847322417631D-02
  0.50213211722836D-01  0.37512254202260D-01  0.62508253228045D-01
  0.37822998723726D-01  0.71145053613745D-01  -.60709601849433D-02
  -.11180339711823D+00  0.10511101260657D-01  -.51210120796460D-01
  0.58569142512632D-01  0.88803174010606D-01  0.31822252493320D-01
  -.59513740471591D-01  0.29886109880718D-01  0.50846232548733D-01
  0.37473795558963D-01  -.15494294249635D-01  0.10101792292824D-01
  -.96894244059711D-01  0.36587163534853D-01  0.91763331635326D-01
  0.42876121380491D-01  0.84582765288871D-01  -.64151318824260D-02
  0.23130822930437D-01  0.25666422210570D-01  -.72715511370797D-01
  0.65811396877480D-01  0.70218851360627D-01  0.19060865879594D-01
  -.84912818854478D-01  0.11918132470743D-01  0.49533870118177D-01
  -.76427960575733D-01  -.95878703867154D-01  0.81534288858483D-01
  0.27977967898230D-01  0.89465983164950D-01  -.42467376416275D-01
  -.57284806490022D-01  0.71638497089446D-01  -.44217543571408D-01
  0.16097315258003D-01  -.85812735586748D-01  -.46913013478197D-02
  -.57679587055392D-01  0.53416998634001D-01  -.15300984517312D+00
  -.61688719922594D-01  0.60222437170071D-01  -.16775875467240D+00
  0.70969004300197D-01  0.26830410126132D-01  0.37096798645177D-02
  0.33979124999297D-01  -.13782546095134D+00  0.94999631616864D-01
  -.40202879688095D-02  0.43073750832070D-01  0.42086683361539D-01
  -.22717299434031D+00  0.15167723279684D+00  -.26620924704281D-01
  -.35764172683113D-01  -.92326212540977D-02  -.54994758606774D-02
  0.67740166434047D-01  -.11673749627115D+00  0.50366429439845D-01
  -.36890075597364D-01  0.59662076561779D-01  -.70394676690559D-01
  0.46411471083780D-01  -.44885299561482D-01  -.60484657876952D-03
  0.52200679973929D-01  -.22359255819136D+00  -.84336119109430D-01
  0.70937847286376D-01  -.40560120410241D-01  0.34636669685498D-01
  0.41820427714050D-01  -.95605230365735D-01  0.71201361662796D-01
  -.55303213069572D-02  0.12655828167741D+00  0.35059635294069D-02
  0.12752460266955D+00  0.14416574034384D+00  -.38699830317656D-01
  -.10821603543321D+00  -.13625386999182D+00  0.54364175961243D-01
  0.13634239271425D+00  0.14743113043523D-01  -.33448315675684D-01
  0.13178839644923D+00  0.13281802146695D-01  -.98945435000302D-01
  -.76328138152632D-01  -.36038698290358D-01  -.53723238506080D-01
  0.18850230002665D+00  0.29168995832583D-01  -.18057514898840D+00
  -.17700080768408D+00  -.79113128203490D-01  0.51087699844241D-01
  -.66362794931857D-01  0.55784029253154D-01  0.26981835791258D-01
  0.10690866759932D-01  0.13612897496556D-01  0.61411105402804D-01
  -.70285182301938D-01  -.73509114258149D-02  -.10430799287588D-01
  0.26393253449765D+00  -.11639356677890D+00  -.67843333597209D-02
  -.17238850647300D+00  -.21430736781269D-01  0.26818913430096D-01
  -.67899161570662D-01  0.12914257574190D-01  0.30415748630817D-01
  0.83958787232094D-01  0.22073980214867D-01  -.49867781768790D-01
  -.28858068965973D+00  -.74678798117580D-01  -.12461171949228D+00
  -.13631852138157D+00  -.52081645182303D-01  0.36439793542320D-01
  -.11979327386167D+00  0.38908002025212D-01  0.41197716311483D-01
  0.99659585636827D-01  0.48117262479832D-01  0.35494631322511D-01
$end
