$energy      SCF               SCFKIN            SCFPOT
     1 -2578.054915719      2560.639948060     -5138.694863779
     2 -2578.054915766      2560.639955668     -5138.694871433
     3 -2578.120872693      2560.163974093     -5138.284846787
     4 -2578.179862472      2559.121319589     -5137.301182061
     5 -2578.209662819      2558.792786958     -5137.002449777
     6 -2578.239659049      2557.352362062     -5135.592021112
     7 -2578.248707419      2556.552185553     -5134.800892973
     8 -2578.254699568      2555.942160047     -5134.196859615
     9 -2578.252361714      2555.547901905     -5133.800263618
    10 -2578.259284097      2555.530878805     -5133.790162902
    11 -2578.264415371      2555.816095801     -5134.080511172
    12 -2578.265454815      2555.946285025     -5134.211739841
    13 -2578.268601155      2555.992595140     -5134.261196295
    14 -2578.271605208      2555.798803176     -5134.070408384
    15 -2578.274722919      2555.593155687     -5133.867878606
    16 -2578.277598624      2555.429388513     -5133.706987137
    17 -2578.280143053      2555.336851470     -5133.616994523
    18 -2578.282823598      2555.231344174     -5133.514167772
    19 -2578.285464647      2555.106420185     -5133.391884832
    20 -2578.287381546      2554.977248119     -5133.264629665
    21 -2578.288738821      2554.866444145     -5133.155182966
    22 -2578.289768281      2554.770145046     -5133.059913327
    23 -2578.290569437      2554.787167928     -5133.077737365
    24 -2578.291261287      2554.825416347     -5133.116677633
    25 -2578.292057589      2554.845929446     -5133.137987035
    26 -2578.292778970      2554.818033915     -5133.110812884
    27 -2578.293358783      2554.757759763     -5133.051118546
    28 -2578.293963427      2554.673604601     -5132.967568028
    29 -2578.294576356      2554.581363044     -5132.875939401
    30 -2578.295006763      2554.562272401     -5132.857279164
    31 -2578.295298967      2554.582206832     -5132.877505800
    32 -2578.295511439      2554.591463658     -5132.886975097
    33 -2578.295680488      2554.585816941     -5132.881497429
    34 -2578.295830931      2554.553756978     -5132.849587909
    35 -2578.295961750      2554.512464686     -5132.808426436
    36 -2578.296080106      2554.479852918     -5132.775933024
    37 -2578.296181076      2554.475761407     -5132.771942483
    38 -2578.296289395      2554.499067639     -5132.795357034
    39 -2578.296398051      2554.524422988     -5132.820821039
    40 -2578.296492543      2554.529801794     -5132.826294337
    41 -2578.296580813      2554.508392567     -5132.804973380
    42 -2578.296630841      2554.479801116     -5132.776431957
    43 -2578.296673745      2554.465410258     -5132.762084003
    44 -2578.296724673      2554.461121213     -5132.757845885
    45 -2578.296772408      2554.466208891     -5132.762981299
    46 -2578.296816231      2554.478806417     -5132.775622648
    47 -2578.296852561      2554.480957223     -5132.777809784
    48 -2578.296880347      2554.480151411     -5132.777031758
    49 -2578.296908901      2554.473291114     -5132.770200014
    50 -2578.296931828      2554.466399977     -5132.763331806
    51 -2578.296957487      2554.464699285     -5132.761656773
    52 -2578.296982137      2554.469592564     -5132.766574701
    53 -2578.297003646      2554.472303219     -5132.769306865
    54 -2578.297027709      2554.474178450     -5132.771206159
    55 -2578.297058913      2554.477375924     -5132.774434837
    56 -2578.297080053      2554.477407280     -5132.774487332
    57 -2578.297098853      2554.477270421     -5132.774369275
    58 -2578.297126121      2554.481491258     -5132.778617379
    59 -2578.297172469      2554.488629758     -5132.785802228
    60 -2578.297195040      2554.493157820     -5132.790352860
    61 -2578.297225122      2554.497395731     -5132.794620853
    62 -2578.297256533      2554.499345047     -5132.796601580
    63 -2578.297278933      2554.498070292     -5132.795349225
    64 -2578.297302054      2554.491373769     -5132.788675823
    65 -2578.297335545      2554.482556107     -5132.779891653
    66 -2578.297360818      2554.472009403     -5132.769370221
    67 -2578.297376050      2554.470325567     -5132.767701617
    68 -2578.297401540      2554.469082738     -5132.766484278
    69 -2578.297424857      2554.473134439     -5132.770559296
    70 -2578.297449772      2554.478312227     -5132.775761999
    71 -2578.297476099      2554.482699949     -5132.780176048
    72 -2578.297514464      2554.483525953     -5132.781040418
    73 -2578.297548091      2554.479744813     -5132.777292904
    74 -2578.297573797      2554.476977612     -5132.774551408
    75 -2578.297608202      2554.473479173     -5132.771087375
    76 -2578.297633711      2554.480450569     -5132.778084280
    77 -2578.297645437      2554.482787752     -5132.780433189
    78 -2578.297661666      2554.486748640     -5132.784410306
    79 -2578.297675257      2554.491354531     -5132.789029788
    80 -2578.297692060      2554.491273653     -5132.788965713
    81 -2578.297707369      2554.488325738     -5132.786033107
    82 -2578.297723737      2554.483761284     -5132.781485021
    83 -2578.297748962      2554.476552028     -5132.774300990
    84 -2578.297762293      2554.473404099     -5132.771166392
    85 -2578.297785996      2554.475730552     -5132.773516547
    86 -2578.297804184      2554.480881641     -5132.778685824
    87 -2578.297817290      2554.485548077     -5132.783365368
    88 -2578.297828169      2554.489661496     -5132.787489664
    89 -2578.297849368      2554.489355262     -5132.787204631
    90 -2578.297879799      2554.484865432     -5132.782745231
    91 -2578.297898151      2554.478656698     -5132.776554849
    92 -2578.297924098      2554.475530731     -5132.773454829
    93 -2578.297950196      2554.475664681     -5132.773614877
    94 -2578.297976651      2554.480825066     -5132.778801717
    95 -2578.298012775      2554.486987796     -5132.785000571
    96 -2578.298037100      2554.493715379     -5132.791752479
    97 -2578.298051945      2554.495156680     -5132.793208625
    98 -2578.298070921      2554.494595212     -5132.792666133
    99 -2578.298090169      2554.490322080     -5132.788412249
   100 -2578.298109864      2554.487689151     -5132.785799014
   101 -2578.298127589      2554.487243919     -5132.785371509
   102 -2578.298135505      2554.486781445     -5132.784916950
   103 -2578.298146573      2554.488035958     -5132.786182531
   104 -2578.298163701      2554.486886409     -5132.785050110
   105 -2578.298175006      2554.486393358     -5132.784568363
   106 -2578.298181416      2554.485228984     -5132.783410400
   107 -2578.298191018      2554.485139834     -5132.783330852
   108 -2578.298202100      2554.484055038     -5132.782257139
   109 -2578.298209681      2554.486212516     -5132.784422197
   110 -2578.298215170      2554.488780407     -5132.786995576
   111 -2578.298223826      2554.488562277     -5132.786786103
   112 -2578.298237409      2554.486801087     -5132.785038495
   113 -2578.298241116      2554.487949259     -5132.786190375
   114 -2578.298246947      2554.484809022     -5132.783055969
   115 -2578.298252280      2554.489838239     -5132.788090519
   116 -2578.298257308      2554.483119051     -5132.781376359
   117 -2578.298263572      2554.483366252     -5132.781629824
   118 -2578.298274578      2554.480138027     -5132.778412605
   119 -2578.298281853      2554.480682266     -5132.778964119
   120 -2578.298289012      2554.480346338     -5132.778635351
   121 -2578.298295254      2554.480947617     -5132.779242871
   122 -2578.298301117      2554.480537248     -5132.778838365
   123 -2578.298310193      2554.479785142     -5132.778095335
   124 -2578.298319570      2554.479632524     -5132.777952094
   125 -2578.298328792      2554.480205995     -5132.778534787
   126 -2578.298335397      2554.481169767     -5132.779505164
   127 -2578.298342236      2554.483688799     -5132.782031035
   128 -2578.298349776      2554.486144496     -5132.784494272
   129 -2578.298354033      2554.488066212     -5132.786420245
   130 -2578.298360274      2554.489750105     -5132.788110378
   131 -2578.298367998      2554.491158487     -5132.789526486
   132 -2578.298373584      2554.491866243     -5132.790239828
   133 -2578.298380545      2554.491750758     -5132.790131304
   134 -2578.298389860      2554.491265155     -5132.789655016
   135 -2578.298395481      2554.490614289     -5132.789009770
   136 -2578.298399733      2554.490093076     -5132.788492809
   137 -2578.298404252      2554.489118655     -5132.787522908
   138 -2578.298409705      2554.487767806     -5132.786177512
   139 -2578.298411614      2554.487332304     -5132.785743917
   140 -2578.298414035      2554.485808015     -5132.784222050
   141 -2578.298418779      2554.482743447     -5132.781162226
   142 -2578.298420851      2554.481168450     -5132.779589301
   143 -2578.298423998      2554.480490972     -5132.778914970
   144 -2578.298425799      2554.480343742     -5132.778769541
   145 -2578.298428766      2554.481398368     -5132.779827133
   146 -2578.298432128      2554.483561978     -5132.781994106
   147 -2578.298434129      2554.483761364     -5132.782195493
   148 -2578.298435868      2554.484254173     -5132.782690041
   149 -2578.298436860      2554.485813477     -5132.784250337
   150 -2578.298439784      2554.483123935     -5132.781563719
   151 -2578.298440692      2554.484019725     -5132.782460417
   152 -2578.298442227      2554.482996645     -5132.781438871
   153 -2578.298443435      2554.483132202     -5132.781575636
   154 -2578.298445083      2554.483208930     -5132.781654014
   155 -2578.298446703      2554.483278577     -5132.781725280
   156 -2578.298449865      2554.482718366     -5132.781168231
   157 -2578.298453237      2554.481575792     -5132.780029029
   158 -2578.298455767      2554.481125256     -5132.779581023
   159 -2578.298460420      2554.480936697     -5132.779397117
   160 -2578.298462297      2554.480748488     -5132.779210785
   161 -2578.298464834      2554.480704219     -5132.779169052
   162 -2578.298467330      2554.480456717     -5132.778924047
   163 -2578.298469820      2554.480534492     -5132.779004312
   164 -2578.298472600      2554.482290114     -5132.780762714
   165 -2578.298473593      2554.484490226     -5132.782963819
   166 -2578.298475614      2554.484242185     -5132.782717798
   167 -2578.298478216      2554.484083672     -5132.782561888
   168 -2578.298480054      2554.483428218     -5132.781908272
   169 -2578.298482458      2554.482587394     -5132.781069851
   170 -2578.298484769      2554.482196736     -5132.780681505
   171 -2578.298486331      2554.482089685     -5132.780576017
   172 -2578.298488396      2554.482319089     -5132.780807486
   173 -2578.298491279      2554.482280798     -5132.780772078
   174 -2578.298493923      2554.482051604     -5132.780545527
   175 -2578.298496468      2554.481674600     -5132.780171067
   176 -2578.298499102      2554.480192076     -5132.778691178
   177 -2578.298501897      2554.478256846     -5132.776758743
   178 -2578.298503946      2554.478925330     -5132.777429276
   179 -2578.298506373      2554.477694260     -5132.776200633
   180 -2578.298510289      2554.477820988     -5132.776331277
   181 -2578.298512967      2554.477634111     -5132.776147078
   182 -2578.298516613      2554.479574476     -5132.778091089
   183 -2578.298523385      2554.480547175     -5132.779070560
   184 -2578.298527668      2554.481013217     -5132.779540885
   185 -2578.298532462      2554.480844170     -5132.779376632
   186 -2578.298536490      2554.479006815     -5132.777543305
   187 -2578.298538873      2554.481232310     -5132.779771183
   188 -2578.298545022      2554.485874945     -5132.784419967
   189 -2578.298548238      2554.488521443     -5132.787069681
   190 -2578.298556985      2554.476033901     -5132.774590886
   191 -2578.298560571      2554.482384317     -5132.780944887
   192 -2578.298564320      2554.485907239     -5132.784471558
   193 -2578.298566942      2554.488684305     -5132.787251247
   194 -2578.298569922      2554.484658481     -5132.783228402
   195 -2578.298570318      2554.482896576     -5132.781466893
   196 -2578.298574434      2554.484775999     -5132.783350432
   197 -2578.298583020      2554.479119094     -5132.777702115
   198 -2578.298586901      2554.482278617     -5132.780865517
   199 -2578.298590744      2554.484298636     -5132.782889380
   200 -2578.298593520      2554.484243637     -5132.782837157
   201 -2578.298595101      2554.483083423     -5132.781678524
   202 -2578.298600231      2554.486995100     -5132.785595331
   203 -2578.298604783      2554.481451491     -5132.780056274
   204 -2578.298609125      2554.480517562     -5132.779126687
   205 -2578.298616356      2554.481733929     -5132.780350285
   206 -2578.298621271      2554.483427409     -5132.782048681
   207 -2578.298624773      2554.485494379     -5132.784119152
   208 -2578.298630443      2554.484840363     -5132.783470806
   209 -2578.298632678      2554.497587746     -5132.796220424
   210 -2578.298637917      2554.488199442     -5132.786837358
   211 -2578.298643274      2554.477937726     -5132.776581000
   212 -2578.298651262      2554.468458076     -5132.767109338
   213 -2578.298660752      2554.469627254     -5132.768288006
   214 -2578.298669954      2554.477887123     -5132.776557077
   215 -2578.298677607      2554.478772331     -5132.777449937
   216 -2578.298687112      2554.469895486     -5132.768582598
   217 -2578.298695589      2554.492656827     -5132.791352416
   218 -2578.298705259      2554.482827162     -5132.781532421
   219 -2578.298713057      2554.464879638     -5132.763592695
   220 -2578.298724192      2554.473824928     -5132.772549119
   221 -2578.298739323      2554.477557548     -5132.776296871
   222 -2578.298759256      2554.479241670     -5132.778000925
   223 -2578.298773724      2554.478332289     -5132.777106012
   224 -2578.298797460      2554.485988720     -5132.784786181
   225 -2578.298810147      2554.457694750     -5132.756504897
   226 -2578.298835904      2554.460895021     -5132.759730924
   227 -2578.298883133      2554.458031792     -5132.756914925
   228 -2578.298897951      2554.451229958     -5132.750127909
   229 -2578.298916862      2554.471972937     -5132.770889800
   230 -2578.298931716      2554.458792440     -5132.757724155
   231 -2578.298952536      2554.460224755     -5132.759177290
   232 -2578.298973219      2554.468844605     -5132.767817824
   233 -2578.298990006      2554.464179778     -5132.763169784
   234 -2578.299018584      2554.474824644     -5132.773843228
   235 -2578.299045000      2554.453874720     -5132.752919720
   236 -2578.299054089      2554.450983470     -5132.750037559
   237 -2578.299081498      2554.472378099     -5132.771459596
   238 -2578.299103797      2554.469105467     -5132.768209263
   239 -2578.299128527      2554.475187678     -5132.774316205
   240 -2578.299149216      2554.476746038     -5132.775895254
   241 -2578.299171184      2554.489720822     -5132.788892006
   242 -2578.299192853      2554.475728328     -5132.774921181
   243 -2578.299215267      2554.478971442     -5132.778186709
   244 -2578.299230299      2554.470265299     -5132.769495597
   245 -2578.299248707      2554.468788276     -5132.768036983
   246 -2578.299262898      2554.470050997     -5132.769313894
   247 -2578.299281267      2554.470370356     -5132.769651623
   248 -2578.299298880      2554.472965712     -5132.772264592
   249 -2578.299323169      2554.470789366     -5132.770112535
   250 -2578.299340757      2554.465597855     -5132.764938613
   251 -2578.299350230      2554.477693779     -5132.777044009
   252 -2578.299367030      2554.461572239     -5132.760939268
   253 -2578.299384529      2554.460264478     -5132.759649006
   254 -2578.299403308      2554.461942736     -5132.761346044
   255 -2578.299413757      2554.461433243     -5132.760847000
   256 -2578.299434753      2554.464382301     -5132.763817054
   257 -2578.299448708      2554.466816911     -5132.766265620
   258 -2578.299464040      2554.468398709     -5132.767862749
   259 -2578.299488229      2554.481539779     -5132.781028008
   260 -2578.299494692      2554.477646829     -5132.777141521
   261 -2578.299499697      2554.490866980     -5132.790366677
   262 -2578.299512277      2554.480511940     -5132.780024217
   263 -2578.299521086      2554.468064842     -5132.767585928
   264 -2578.299530617      2554.465903092     -5132.765433709
   265 -2578.299544046      2554.473544327     -5132.773088373
   266 -2578.299548235      2554.480672686     -5132.780220921
   267 -2578.299554107      2554.479068177     -5132.778622284
   268 -2578.299565437      2554.476905066     -5132.776470504
   269 -2578.299578088      2554.482737227     -5132.782315315
   270 -2578.299595943      2554.493733440     -5132.793329383
   271 -2578.299610970      2554.486568438     -5132.786179408
   272 -2578.299630353      2554.483649470     -5132.783279823
   273 -2578.299656394      2554.483088810     -5132.782745204
   274 -2578.299677523      2554.478487676     -5132.778165199
   275 -2578.299701304      2554.478849911     -5132.778551216
   276 -2578.299721689      2554.477365267     -5132.777086956
   277 -2578.299736140      2554.477540235     -5132.777276375
   278 -2578.299749555      2554.482783901     -5132.782533457
   279 -2578.299760957      2554.481469496     -5132.781230453
   280 -2578.299774138      2554.487984947     -5132.787759085
   281 -2578.299784548      2554.479753799     -5132.779538347
   282 -2578.299800620      2554.480984076     -5132.780784697
   283 -2578.299811663      2554.480870861     -5132.780682524
   284 -2578.299826763      2554.478734944     -5132.778561707
   285 -2578.299846799      2554.475184850     -5132.775031649
   286 -2578.299857856      2554.481829194     -5132.781687051
   287 -2578.299871049      2554.480025447     -5132.779896496
   288 -2578.299886386      2554.483063874     -5132.782950260
   289 -2578.299890082      2554.475755326     -5132.775645408
   290 -2578.299899967      2554.484393067     -5132.784293034
   291 -2578.299912984      2554.478835850     -5132.778748835
   292 -2578.299932657      2554.478393523     -5132.778326179
   293 -2578.299940724      2554.477433667     -5132.777374391
   294 -2578.299949458      2554.477162592     -5132.777112050
   295 -2578.299961417      2554.479546159     -5132.779507576
   296 -2578.299966391      2554.475692194     -5132.775658585
   297 -2578.299969402      2554.476649334     -5132.776618736
   298 -2578.299978254      2554.477114209     -5132.777092463
   299 -2578.299984541      2554.473474853     -5132.773459394
   300 -2578.299993681      2554.474372656     -5132.774366337
   301 -2578.300004182      2554.471968889     -5132.771973071
   302 -2578.300010384      2554.472671632     -5132.772682017
   303 -2578.300017670      2554.475904755     -5132.775922425
   304 -2578.300020511      2554.476970104     -5132.776990615
   305 -2578.300029633      2554.475561149     -5132.775590782
   306 -2578.300037185      2554.477414408     -5132.777451593
   307 -2578.300042757      2554.470169520     -5132.770212277
   308 -2578.300049652      2554.473902099     -5132.773951751
   309 -2578.300055998      2554.471120848     -5132.771176847
   310 -2578.300065536      2554.475255802     -5132.775321338
   311 -2578.300072585      2554.473697425     -5132.773770010
   312 -2578.300080125      2554.474847703     -5132.774927828
   313 -2578.300088752      2554.474373644     -5132.774462396
   314 -2578.300097939      2554.474951021     -5132.775048960
   315 -2578.300103856      2554.475286949     -5132.775390805
   316 -2578.300108168      2554.474218319     -5132.774326488
   317 -2578.300112306      2554.480113985     -5132.780226291
   318 -2578.300114756      2554.477510204     -5132.777624960
   319 -2578.300118174      2554.476196962     -5132.776315136
   320 -2578.300123291      2554.474909997     -5132.775033288
   321 -2578.300127149      2554.472513447     -5132.772640595
   322 -2578.300133919      2554.473093743     -5132.773227662
   323 -2578.300140342      2554.469828075     -5132.769968417
   324 -2578.300146800      2554.473624599     -5132.773771399
   325 -2578.300152152      2554.475281986     -5132.775434138
   326 -2578.300155063      2554.477342805     -5132.777497868
   327 -2578.300160911      2554.479227716     -5132.779388627
   328 -2578.300166146      2554.476089629     -5132.776255774
   329 -2578.300169610      2554.480119318     -5132.780288928
   330 -2578.300174829      2554.475156546     -5132.775331375
   331 -2578.300179012      2554.480265542     -5132.780444555
   332 -2578.300182755      2554.480515931     -5132.780698686
   333 -2578.300187875      2554.482757329     -5132.782945204
   334 -2578.300190363      2554.482149498     -5132.782339861
   335 -2578.300193199      2554.481494491     -5132.781687690
   336 -2578.300197298      2554.480736830     -5132.780934128
   337 -2578.300204480      2554.483053352     -5132.783257831
   338 -2578.300208721      2554.484629290     -5132.784838011
   339 -2578.300211779      2554.483469907     -5132.783681686
   340 -2578.300216089      2554.482475709     -5132.782691798
   341 -2578.300218648      2554.482167454     -5132.782386102
   342 -2578.300226511      2554.482868590     -5132.783095101
   343 -2578.300230242      2554.483069147     -5132.783299389
   344 -2578.300232823      2554.482562768     -5132.782795592
   345 -2578.300236958      2554.481645562     -5132.781882520
   346 -2578.300240336      2554.480641744     -5132.780882081
   347 -2578.300242083      2554.479680386     -5132.779922469
   348 -2578.300243758      2554.479334299     -5132.779578057
   349 -2578.300245327      2554.477660092     -5132.777905418
   350 -2578.300247259      2554.476909815     -5132.777157075
   351 -2578.300249016      2554.477197612     -5132.777446629
   352 -2578.300250072      2554.477589023     -5132.777839095
   353 -2578.300250907      2554.481785916     -5132.782036823
   354 -2578.300252517      2554.480342227     -5132.780594744
   355 -2578.300254548      2554.479004558     -5132.779259106
   356 -2578.300256814      2554.478994111     -5132.779250925
   357 -2578.300258194      2554.480101629     -5132.780359823
   358 -2578.300259850      2554.482258219     -5132.782518070
   359 -2578.300261230      2554.484310013     -5132.784571243
   360 -2578.300263128      2554.484309891     -5132.784573019
   361 -2578.300264816      2554.484084850     -5132.784349667
   362 -2578.300266147      2554.484681364     -5132.784947511
   363 -2578.300267618      2554.484832456     -5132.785100075
   364 -2578.300269625      2554.485634444     -5132.785904069
   365 -2578.300270965      2554.485417835     -5132.785688800
   366 -2578.300271657      2554.484830219     -5132.785101877
   367 -2578.300273081      2554.483672219     -5132.783945299
   368 -2578.300275086      2554.481425130     -5132.781700216
   369 -2578.300276221      2554.480531381     -5132.780807602
   370 -2578.300278129      2554.481190916     -5132.781469044
   371 -2578.300279982      2554.480303935     -5132.780583917
   372 -2578.300281978      2554.480669772     -5132.780951749
   373 -2578.300285242      2554.480772221     -5132.781057462
   374 -2578.300287619      2554.481034445     -5132.781322064
   375 -2578.300290892      2554.481394310     -5132.781685202
   376 -2578.300293622      2554.481185645     -5132.781479267
   377 -2578.300294786      2554.480909091     -5132.781203877
   378 -2578.300293864      2554.484766375     -5132.785060239
   379 -2578.300295808      2554.482816626     -5132.783112434
   380 -2578.300296932      2554.481880794     -5132.782177726
   381 -2578.300298712      2554.482142278     -5132.782440990
   382 -2578.300300031      2554.482004488     -5132.782304519
   383 -2578.300300759      2554.482871148     -5132.783171908
   384 -2578.300302360      2554.485661343     -5132.785963703
   385 -2578.300302826      2554.485926520     -5132.786229346
   386 -2578.300303633      2554.485871451     -5132.786175083
   387 -2578.300304470      2554.485099521     -5132.785403991
   388 -2578.300305250      2554.484076179     -5132.784381430
   389 -2578.300306690      2554.482988014     -5132.783294705
   390 -2578.300308067      2554.481873554     -5132.782181622
   391 -2578.300309359      2554.482256913     -5132.782566272
   392 -2578.300309764      2554.481784920     -5132.782094684
   393 -2578.300310788      2554.483330175     -5132.783640963
   394 -2578.300311549      2554.484872969     -5132.785184518
   395 -2578.300311993      2554.484870145     -5132.785182138
   396 -2578.300312221      2554.483579391     -5132.783891612
   397 -2578.300312413      2554.483678195     -5132.783990608
   398 -2578.300313136      2554.484176508     -5132.784489644
   399 -2578.300313216      2554.483894399     -5132.784207615
   400 -2578.300313424      2554.484282483     -5132.784595907
   401 -2578.300313697      2554.484482103     -5132.784795800
   402 -2578.300313991      2554.484680215     -5132.784994206
   403 -2578.300314889      2554.485296253     -5132.785611142
   404 -2578.300315014      2554.484397344     -5132.784712358
   405 -2578.300315294      2554.483823381     -5132.784138675
   406 -2578.300315876      2554.483377117     -5132.783692993
   407 -2578.300316402      2554.483333774     -5132.783650176
   408 -2578.300317128      2554.483499402     -5132.783816531
   409 -2578.300317655      2554.483308737     -5132.783626392
   410 -2578.300319639      2554.485684704     -5132.786004343
   411 -2578.300319747      2554.484253513     -5132.784573260
   412 -2578.300319565      2554.482800712     -5132.783120277
   413 -2578.300319181      2554.482246860     -5132.782566041
   414 -2578.300318570      2554.482122328     -5132.782440898
   415 -2578.300318133      2554.483293856     -5132.783611989
   416 -2578.300317916      2554.485576550     -5132.785894466
   417 -2578.300317864      2554.485746085     -5132.786063949
   418 -2578.300318205      2554.485280169     -5132.785598373
   419 -2578.300318410      2554.484853375     -5132.785171784
   420 -2578.300319526      2554.484041315     -5132.784360841
   421 -2578.300319401      2554.482986396     -5132.783305796
   422 -2578.300319812      2554.483266488     -5132.783586300
   423 -2578.300319768      2554.483286093     -5132.783605861
   424 -2578.300319826      2554.483290419     -5132.783610245
   425 -2578.300319643      2554.482939519     -5132.783259162
   426 -2578.300319838      2554.482153782     -5132.782473620
   427 -2578.300320110      2554.481351831     -5132.781671941
   428 -2578.300320955      2554.481243449     -5132.781564404
   429 -2578.300322816      2554.481731295     -5132.782054111
   430 -2578.300323213      2554.482201015     -5132.782524228
   431 -2578.300322829      2554.482121615     -5132.782444444
   432 -2578.300322465      2554.482745810     -5132.783068275
   433 -2578.300322436      2554.483399417     -5132.783721853
   434 -2578.300322893      2554.484124517     -5132.784447410
   435 -2578.300324106      2554.484161548     -5132.784485654
   436 -2578.300325504      2554.484200524     -5132.784526029
   437 -2578.300326747      2554.484066583     -5132.784393330
   438 -2578.300327091      2554.482589637     -5132.782916727
   439 -2578.300326665      2554.482302848     -5132.782629514
   440 -2578.300327129      2554.482630667     -5132.782957796
   441 -2578.300326585      2554.481229278     -5132.781555863
   442 -2578.300326880      2554.481175040     -5132.781501920
   443 -2578.300327829      2554.480467083     -5132.780794912
   444 -2578.300328436      2554.480000516     -5132.780328952
   445 -2578.300329110      2554.479251829     -5132.779580939
   446 -2578.300329629      2554.479275757     -5132.779605387
   447 -2578.300330934      2554.480901697     -5132.781232632
   448 -2578.300330969      2554.479584573     -5132.779915543
   449 -2578.300331471      2554.479091780     -5132.779423250
   450 -2578.300332261      2554.480301735     -5132.780633996
   451 -2578.300332410      2554.481014611     -5132.781347021
   452 -2578.300332888      2554.482348222     -5132.782681109
   453 -2578.300333647      2554.483600564     -5132.783934211
   454 -2578.300334182      2554.484409022     -5132.784743204
   455 -2578.300336104      2554.484665878     -5132.785001982
   456 -2578.300337048      2554.483503753     -5132.783840801
   457 -2578.300338251      2554.483406062     -5132.783744314
   458 -2578.300338953      2554.483062603     -5132.783401557
   459 -2578.300339245      2554.483028206     -5132.783367451
   460 -2578.300340070      2554.483340113     -5132.783680183
   461 -2578.300340384      2554.482985394     -5132.783325778
   462 -2578.300340818      2554.482065646     -5132.782406464
   463 -2578.300341659      2554.481319115     -5132.781660774
   464 -2578.300343374      2554.480469817     -5132.780813191
   465 -2578.300344980      2554.481386055     -5132.781731035
   466 -2578.300346144      2554.481906431     -5132.782252575
   467 -2578.300347788      2554.483207519     -5132.783555307
   468 -2578.300349495      2554.484405627     -5132.784755122
   469 -2578.300350872      2554.484763002     -5132.785113874
   470 -2578.300352376      2554.483748793     -5132.784101169
   471 -2578.300353168      2554.482994874     -5132.783348042
   472 -2578.300354714      2554.482774939     -5132.783129654
   473 -2578.300356258      2554.482948003     -5132.783304260
   474 -2578.300357551      2554.483722873     -5132.784080424
   475 -2578.300358906      2554.484370304     -5132.784729210
   476 -2578.300359800      2554.483952260     -5132.784312061
   477 -2578.300360513      2554.482814565     -5132.783175078
   478 -2578.300361019      2554.481563178     -5132.781924197
   479 -2578.300361224      2554.482720024     -5132.783081248
   480 -2578.300361500      2554.482754992     -5132.783116492
   481 -2578.300361973      2554.483468521     -5132.783830494
   482 -2578.300362432      2554.483284889     -5132.783647321
   483 -2578.300362894      2554.482431211     -5132.782794106
   484 -2578.300363439      2554.481640324     -5132.782003764
   485 -2578.300364117      2554.480221033     -5132.780585150
   486 -2578.300364419      2554.480071607     -5132.780436026
   487 -2578.300364671      2554.481052485     -5132.781417156
   488 -2578.300365112      2554.483177390     -5132.783542502
   489 -2578.300365260      2554.483657466     -5132.784022726
   490 -2578.300365261      2554.483720847     -5132.784086108
   491 -2578.300365156      2554.484059475     -5132.784424631
   492 -2578.300365500      2554.484242657     -5132.784608157
   493 -2578.300366336      2554.483870818     -5132.784237154
   494 -2578.300366947      2554.483301844     -5132.783668791
   495 -2578.300367520      2554.483155296     -5132.783522817
   496 -2578.300367602      2554.482680791     -5132.783048393
   497 -2578.300368165      2554.483123534     -5132.783491699
   498 -2578.300367965      2554.482613052     -5132.782981017
   499 -2578.300367988      2554.482637311     -5132.783005299
   500 -2578.300368472      2554.482701217     -5132.783069689
   501 -2578.300368856      2554.482866718     -5132.783235574
   502 -2578.300369361      2554.482826303     -5132.783195664
   503 -2578.300369783      2554.482865735     -5132.783235518
   504 -2578.300369869      2554.482840239     -5132.783210107
   505 -2578.300370104      2554.482613798     -5132.782983902
   506 -2578.300370127      2554.482645587     -5132.783015714
$end
