99
m3on
  C    6.179098    2.096606    3.346795   
  C    7.389387    2.647827    3.226174   
  C    6.809376    2.025708    1.432979   
  C   11.540614    1.498773   -1.397026   
  C   11.290774    1.915158    1.123616   
  C   11.785918    0.968789    0.022178   
  C    1.895956    0.560106   -0.272502   
  C    4.287291    0.143616   -0.315756   
  C    6.649676   -0.143983   -0.262809   
  C    9.009364   -0.383102   -0.058549   
  C   13.557443   -0.303614    0.422111   
  C   14.871535   -0.548633    0.602132   
  C   11.397012   -0.479322    0.221726   
  C    2.994821   -0.234411   -0.226801   
  C    5.388115   -0.647663   -0.279051   
  C    7.762696   -0.911255   -0.130069   
  C   10.167603   -1.029185    0.172231   
  C   12.526723   -1.169399    0.460510   
  C    5.183380   -2.152576   -0.239415   
  C    7.608637   -2.418987   -0.027866   
  C    6.379555   -2.945412   -0.773289   
  C    6.209007   -4.496219   -0.745352   
  C    7.372525   -5.179785   -1.503786   
  C    4.902946   -4.916888   -1.460258   
  C    6.172767   -5.068005    0.687645   
  N    5.842266    1.711769    2.191592   
  O    7.723786    2.577559    2.048796   
  S    6.862814    1.690497   -0.349902   
  O   13.199357    0.853292    0.185269   
  C   15.384235   -1.736210    0.860118   
  C   15.740754    0.445193    0.524209   
  C   12.557100   -2.465866    0.679985   
  N   15.847801   -2.774178    1.088395   
  N   16.524227    1.298181    0.461909   
  N   12.568487   -3.608398    0.872805   
  C    0.712258    0.067223    0.186362   
  C    1.962596    1.805651   -0.809276   
  C    1.237262    2.832951   -0.327086   
  C    1.306890    4.071944   -0.840647   
  C    2.100550    4.393632   -1.883363   
  C    2.818045    3.357997   -2.366381   
  C    2.753991    2.118768   -1.852694   
  C   -0.479794    0.522278   -0.249493   
  C   -1.654871    0.035818    0.182646   
  C   -1.752144   -0.956251    1.090845   
  C   -0.559398   -1.418774    1.517789   
  C    0.616330   -0.935797    1.082392   
  N   -2.873533   -1.419670    1.505409   
  N    2.165984    5.577280   -2.372239   
  C    3.070815    5.850243   -3.519658   
  C    1.338533    6.663499   -1.784639   
  C   -2.890986   -2.520048    2.504696   
  C   -4.143326   -0.850661    0.982243   
  H    5.570503    1.980713    4.250754    
  H    8.073247    3.109308    3.945286    
  H   10.461370    1.620388   -1.630629    
  H   12.015661    2.497340   -1.529774    
  H   11.976518    0.814952   -2.160672    
  H   10.194602    2.081863    1.081120    
  H   11.533675    1.518102    2.135506    
  H   11.772692    2.914730    1.029000    
  H    4.427756    1.229934   -0.364526    
  H    9.134735    0.696710   -0.180003    
  H    2.824287   -1.304571   -0.046027    
  H   10.130692   -2.113626    0.349898    
  H    4.944439   -2.443747    0.808885    
  H    4.330178   -2.422596   -0.901447    
  H    7.568592   -2.678968    1.054655    
  H    8.477107   -2.934175   -0.491411    
  H    6.500379   -2.657268   -1.850309    
  H    7.218501   -6.279638   -1.582986    
  H    8.350980   -5.046413   -0.993174    
  H    7.470751   -4.785559   -2.540392    
  H    4.834314   -6.022398   -1.573100    
  H    3.995491   -4.614595   -0.892390    
  H    4.839185   -4.476931   -2.481208    
  H    5.352123   -4.625346    1.293404    
  H    6.007074   -6.169100    0.675330    
  H    7.128296   -4.899365    1.230836    
  H    0.589736    2.697500    0.557400    
  H    0.673791    4.819298   -0.336069    
  H    3.496096    3.468307   -3.227848    
  H    3.348839    1.340837   -2.362744    
  H   -0.543614    1.295076   -1.034747    
  H   -2.546075    0.497604   -0.272254    
  H   -0.483756   -2.224893    2.265480    
  H    1.510977   -1.384863    1.545757    
  H    4.135376    5.657399   -3.254739    
  H    2.766861    5.274186   -4.423204    
  H    3.024220    6.921898   -3.814159    
  H    0.250585    6.444845   -1.880520    
  H    1.620474    6.862025   -0.725506    
  H    1.501172    7.621761   -2.325570    
  H   -2.408382   -3.440987    2.105179    
  H   -2.426814   -2.203734    3.466527    
  H   -3.935012   -2.811674    2.754341    
  H   -4.240298    0.230064    1.233805    
  H   -4.244836   -1.022534   -0.113582    
  H   -5.022028   -1.347933    1.449154    
 