$coord
    5.74234970558350      8.67596382208763      1.44143127492802  c
    8.11050689866991      7.70097182188491      1.18670018406552  c
    5.64765420294562      6.10327452974224     -1.65105411284488  c
   11.51684701324176      5.53728579750756    -10.30187782841721  c
   14.01166693049734      6.01439478348310     -6.19910808240840  c
   13.65429865410525      4.50033040847399     -8.64382454119348  c
   -2.33682806136421      1.18105278199033      1.76525497623561  c
    1.64700272968610      1.04323041003378     -0.74562365483526  c
    5.55134641432416      1.12527674920522     -3.33211672841426  c
    9.51683742210644      1.27729091634627     -5.79095357655087  c
   17.11807605023499      2.59335370980925    -10.51362603454882  c
   19.35319162104028      2.53315548717976    -11.87159665097490  c
   13.53398246960444      1.65116140765952     -8.22098251922684  c
   -0.14713278184324     -0.00133958708290      0.94224254822720  c
    3.85445037251465     -0.09822840410702     -1.58945223826831  c
    7.65437212516967     -0.08018339616181     -4.37443829198702  c
   11.64754782094966      0.26765252136405     -6.89261134421610  c
   15.64739094835164      0.59186995026939     -9.36439318409657  c
    4.66527118624276     -2.69680881783555     -0.70211858079961  c
    8.04857577476805     -2.89271294045886     -3.96186976724744  c
    5.74231213937131     -4.28364771259257     -2.88758192076541  c
    6.24137625705675     -7.12694373017145     -2.20993555938027  c
    3.69514046094537     -8.45431858954980     -1.69666617436951  c
    7.94506709318760     -7.41926556352623      0.13663508832399  c
    7.50341369507827     -8.47633869059983     -4.46684853328198  c
    4.19403225209990      7.62104165969783     -0.38231418010467  n
    8.07392331263604      6.06698619761076     -0.80484029197244  o
    4.83946735306120      4.33202723675186     -4.35027345971839  s
   15.97828785311196      4.80924581946332    -10.09816481025519  o
   20.68054921104357      0.24471360012506    -12.40083106809402  c
   20.40284271528634      4.84370594941575    -12.80067923666440  c
   16.18695387359648     -2.04066095268841     -9.35196939080683  c
   21.82178470552501     -1.57192181910714    -12.87593423942543  n
   21.27235466292952      6.71173440750260    -13.56348888370149  n
   16.46717087421889     -4.21649351122935     -9.23698750431405  n
   -5.64710846750470      3.91115154633159      2.53209604227349  c
   -6.25452223404597      1.55583412329715      3.61696221866849  c
   -4.21448917165997     -0.06304921071208      3.16769588873170  n
   -7.22943108629251      6.04253072908334      2.62596730567732  c
   -9.60319449599722      5.70378487563304      3.86960925250079  c
  -10.20796370764183      3.37489892648636      4.90922931126883  c
   -8.55793218421350      1.24488410440400      4.82499938870001  c
   -3.23439783116487      3.80297961783469      1.39868765456372  c
   -2.28128168924484      6.02425376189905      0.34703101013134  c
   -3.82728761962023      8.21507391078842      0.40302655195311  c
   -6.22870712716065      8.25742273238299      1.47700652328768  c
   -4.24626293175046     -2.70973175771961      3.91668423132320  c
   -3.63226553325850     -3.21390075136559      6.72942532783375  c
   -4.17177875584172     -6.00823144027029      7.37427986505648  c
   -0.90667514699170     -2.43160598552718      7.39459583127645  c
   -6.96993726675520     -6.74562485516023      7.46869072779482  c
   -0.35268811211369     -2.19916948365060     10.22985237840813  c
    2.37364031100748     -1.40844350267538     10.80789104384108  c
    2.92352354473659     -1.14784394903930     13.63387902130772  c
    5.04644358524021     10.04058951911831      2.81464493468678  h
    9.89263205641145      7.92947699809355      2.18031179925258  h
    9.69962175601953      5.51601693867381     -9.29656249611089  h
   11.95874521611220      7.49914869964347    -10.83055643913621  h
   11.32749327812039      4.41431249219483    -12.04083990824152  h
   12.30841199500911      5.94192021357365     -5.01387358790502  h
   15.61199499180981      5.26307182783579     -5.10451763759775  h
   14.41417347332742      7.99874900572737     -6.67396631672918  h
    1.23414158010501      2.90609956599424     -1.51790718857128  h
    9.19554022954049      3.30401123666349     -5.94570009791791  h
    0.17326002452785     -1.92201670152375      1.61353789676542  h
   11.98758680664460     -1.76649609537468     -6.78091712698772  h
    6.12032038358807     -2.47897499426408      0.78211280532402  h
    3.07002440733628     -3.67708421688407      0.18543532262900  h
    8.59791669292975     -3.73591549359269     -5.78133560397953  h
    9.69839196348920     -3.14894437888805     -2.70478098981989  h
    4.28875898897838     -4.30257745745073     -4.39112406038602  h
    3.99326631739829    -10.47747504948270     -1.30237799969820  h
    2.42627772101264     -8.31404950736405     -3.34383159860698  h
    2.69880344105794     -7.65351277872643     -0.05378755570901  h
    8.34556362476989     -9.43321108038626      0.48719660257075  h
    9.78054190694721     -6.46387950491059     -0.09903091174017  h
    7.04765462559686     -6.66206441098189      1.85550027559755  h
    6.41509926983569     -8.20173716253393     -6.22356866383234  h
    9.44590424551645     -7.81283650687527     -4.80482965967865  h
    7.61281872874144    -10.52575568408175     -4.11405778345425  h
  -10.93327111268763      7.27805490316511      4.00455189756570  h
  -12.03071419093359      3.14779505425420      5.85576322637541  h
   -9.12636508562662     -0.53381216991333      5.69954243232394  h
   -0.38764133958166      6.18981942005806     -0.44903458638140  h
   -3.07361600448753      9.94808282759719     -0.43126441881336  h
   -7.33601849074121     10.00226526664836      1.46007358094484  h
   -6.14106073529784     -3.44790472529157      3.47046155747725  h
   -2.92158657498266     -3.76110079650719      2.70780035246790  h
   -4.92507587007228     -2.02890836564941      7.86760501789411  h
   -3.16612508624511     -7.22233341577566      6.00039359557768  h
   -3.31865598052307     -6.44080066863474      9.22399723436454  h
    0.42231918163611     -3.79986545676992      6.53450670351795  h
   -0.48965055103244     -0.59338858345752      6.50436218058748  h
   -7.19336879376455     -8.74496096245543      8.00440815407602  h
   -8.00084960385261     -5.60504102410466      8.87660235360665  h
   -7.93163287001380     -6.50044423854582      5.63687507707751  h
   -1.66464850588883     -0.80396333037440     11.06823941205474  h
   -0.74841020862709     -4.00501255713114     11.20121499688070  h
    3.68339903800609     -2.80303500954073      9.96802199418331  h
    2.78243208909972      0.40067520366956      9.84574630637885  h
    4.89738752916141     -0.58245629713859     13.98058346618354  h
    1.69486605433271      0.28641888858831     14.51741040098946  h
    2.60064255266170     -2.94598865463781     14.63878499489133  h
$user-defined bonds
$end
