$dipgrad          cartesian dipole gradients
  0.28420699966569D-01  -.12965721008860D+00  -.52856272767477D-01
  -.10776889799720D-01  0.86224052820887D-01  0.15396867042247D+00
  0.29294856742869D-01  0.15597842041658D+00  0.11320274327673D+00
  0.12318941582363D+00  -.83801018584083D-01  0.77788375364078D-02
  -.94122955242074D-01  0.23737878841957D-01  0.73143656562654D-01
  -.41767775308009D-01  0.51698057591248D-01  0.32237160525932D-01
  0.34669536551335D+00  0.60024591397496D-01  0.11491202673481D+00
  0.63047668475687D-01  0.33572542592632D+00  0.27652713571441D+00
  0.54936584762105D-01  0.42652943814085D+00  0.33095722520953D+00
  -.93593963762185D-01  -.63420490778036D-02  0.44122030387682D-01
  -.20847183018175D-01  -.93981281826805D-02  0.42885436345091D-01
  -.26540810584587D-01  -.31161996765936D-01  -.11916948440868D-01
  -.37679271125031D-01  0.23042353562141D-01  -.11366215362927D-01
  -.26229555534374D-01  -.51042080668010D-03  -.13793536356046D-01
  0.89459868546644D-01  0.20430764994953D-01  -.75188028987021D-01
  0.46883063322317D+00  -.12065462210269D+00  -.53068304383340D-01
  0.35257753909851D+00  0.22791895087447D+00  -.21102385963127D+00
  -.98017852984483D-01  0.84997863531189D-01  0.42325459699358D+00
  0.34557000055095D+01  -.98326957130050D-01  -.20988993067892D+01
  -.34007711631389D+00  0.38101523951862D+00  0.61736798009368D-01
  -.16714305811389D+01  -.73475502942657D-01  0.11777585027878D+01
  0.29362150415108D+01  -.12299990704776D+00  -.18531397336389D+01
  -.36653457440379D-02  -.23244597446022D+00  0.64817384327625D-01
  -.17879919025182D+01  0.11998176314813D+00  0.10456872354928D+01
  0.25911169056824D+01  -.18044160613858D+00  -.18010645981507D+01
  0.22338395815142D+00  0.21774397154600D+00  -.12015761027205D+00
  -.21453791817728D+01  0.75702385229331D-01  0.11696905833187D+01
  0.29537905312681D+01  -.34205232924167D-01  -.19108432102802D+01
  0.36978719476479D+00  -.12231485314257D+00  -.20673443970796D+00
  -.20312587054418D+01  0.53468696862500D-01  0.12311210110939D+01
  0.24383069553229D+01  -.22919145831834D-01  -.14292129551464D+01
  0.10733353297131D+01  0.67147008412158D+00  -.76406103005073D+00
  -.15297810032434D+01  -.50755030029618D-01  0.11365947911769D+01
  -.13539619005451D+01  0.25762562613633D-01  0.82288699378672D+00
  -.32988888435115D+00  -.62023862044457D-01  0.21359533085018D+00
  0.84122958285409D+00  -.14800137080134D-01  -.57774036003150D+00
  0.31031050716724D+01  -.16115459115643D-01  -.20191744445850D+01
  0.61449772610974D+00  0.23182620457786D-01  -.41113078923382D+00
  -.19685047798938D+01  -.25465155078333D-02  0.12030464795456D+01
  -.30213258148526D+01  0.18396850072853D+00  0.17267174576886D+01
  0.48830575319264D+00  -.10283599891100D+00  -.35631574374150D+00
  0.16123515879109D+01  -.10461821743090D+00  -.11320694919708D+01
  -.28886109004279D+01  0.10875413774118D+00  0.18177604612215D+01
  -.22520094324784D+00  0.11316650360675D+00  -.50168844375312D-01
  0.18146421814396D+01  -.24870761822895D+00  -.11386830182170D+01
  -.26554460632485D+01  -.10254365214946D+00  0.16464522471940D+01
  -.48335962183341D+00  0.16386683325814D+00  0.20243299857569D+00
  0.17838935792841D+01  -.55836133046426D-01  -.11561484566108D+01
  -.29688520014226D+01  0.21285418855800D-02  0.18293794804695D+01
  -.38924234879227D+00  0.16737728517125D-01  0.21755657327976D+00
  0.17062599553984D+01  -.18069755494292D-01  -.12073418521627D+01
  -.23483856345055D+01  -.41239592191216D-01  0.14983139863944D+01
  0.50885656097713D-01  -.13847971373129D+00  -.13856915131914D-01
  0.13895098451192D+01  0.40101664163231D-01  -.91131896598692D+00
  0.86037885005086D-01  -.12224731301963D-02  0.43065183884142D-01
  0.77424199580567D-01  -.32807059526536D-01  -.30361036297051D-01
  0.48945060424866D-01  0.68978321099025D-01  0.86609251626222D-01
  -.71964608594051D-02  0.12290243831923D+00  0.95917016893564D-01
  0.51650687525331D-01  -.48229885184430D-01  0.23692072793234D-03
  0.11597766378257D+00  -.25223784130683D-01  0.64346747540739D-01
  0.24004019705036D-02  0.30403511669544D-01  0.46733131810203D-01
  0.20212014379212D-01  0.15564200984530D+00  -.21653483832941D-01
  0.37315676875193D-01  0.60691780990524D-01  0.34515292565863D-01
  0.12201892628086D+00  -.14213677581294D-01  0.71206260114876D-02
  -.60280181978771D-02  0.21308558043096D+00  0.99525680364374D-02
  0.35611037059823D-01  -.72744388610777D-01  0.11399232768259D+00
  0.11880469805339D-01  -.14558873339799D-02  0.12512019242283D-01
  -.13009512820193D-01  0.42886284815842D-03  0.65492293537964D-02
  0.10123179767301D-01  0.62635251335666D-01  0.65392277916247D-01
  0.15679217290798D-01  0.17698162062693D-01  -.24562974707158D-01
  0.28469535348239D-02  -.17371150623014D-01  0.80862415749317D-02
  -.31054994671033D-01  0.26757441387627D-01  0.12601788312253D-01
  0.16970131211116D-01  0.43135990510759D-01  0.35196657375595D-01
  0.20879299306293D-01  -.12008352760692D-01  -.18677353878141D-01
  0.73889497524653D-02  0.23349701329509D-01  0.37837298667182D-01
  -.32295222431300D+00  0.31282165924052D-01  -.26712081665897D-02
  0.13618111844712D-01  -.44297881732764D+00  -.18452363700313D+00
  -.46869042150807D-01  -.13532139331772D+00  -.32008902432974D+00
  -.43472168475194D+00  0.13322369787539D-01  -.10000477654834D+00
  0.12826466114930D+00  -.26303043936363D+00  -.13999034214925D+00
  0.34419666014824D-01  -.32071297585486D+00  -.37016120063921D+00
  0.74259244875125D-01  0.10045846965859D+00  0.12328125861952D+00
  -.21135261041990D+00  -.66733385343496D-01  0.80496089169105D-01
  0.14783283416982D+00  -.93328989974036D-01  0.10231926307103D-01
  -.97604774333820D+00  0.30304277948628D+00  0.39663537789545D+00
  0.34252922814717D-01  -.79956316726670D+00  0.61171752612454D-01
  0.42601016242821D+00  -.11621480049467D+00  -.53516298972463D+00
  0.46360846595929D+00  -.20442490388718D+00  -.17719345667963D+00
  -.72692384516807D+00  0.29830789658982D+00  0.43896111799914D+00
  -.10015850491086D+00  0.10331237227593D+00  0.19629559149683D+00
  0.33159364555626D+00  0.18449946399193D+00  -.15049273275839D+00
  0.80507373688545D+00  0.28225705848590D+00  -.52718714320805D+00
  -.21937674031641D+00  -.13212598005791D+00  0.28803919349600D+00
  0.21950761031672D+00  -.91975838551907D-01  -.41925323702547D-01
  -.80798693616862D+00  0.33412985509108D+00  0.49409779206751D+00
  0.62524852789314D-01  0.26867639079242D-01  0.97670378821472D-01
  -.57015988384365D+00  0.78063630309811D-01  0.17066046956581D+00
  0.41644352659400D+00  -.33390862738947D+00  -.25723375911674D+00
  0.12748757719768D+00  -.45041930974554D-01  -.36247788870373D+00
  -.52178176829774D+00  -.71782194929809D-01  0.14803368879853D+00
  -.49092433969086D+00  -.36474739204094D+00  0.31939961447357D+00
  0.19686258380328D+00  0.51185801793386D-01  -.43513688731869D+00
  -.27491289762106D+00  -.75026621836795D-02  0.11499176214381D-01
  0.51255694149245D+00  -.37049574333830D+00  -.31636482198630D+00
  -.54108933687703D-01  0.16546697643651D-01  -.23104238339128D+00
  -.12919785552572D-01  -.54043260313561D-01  -.37427917738967D-02
  0.37713016618274D+00  -.25143355404271D+00  -.99839936065803D-01
  -.12757006398753D+00  0.91568088632377D-01  0.20647223795858D-01
  0.11194035704496D+01  -.62046394937658D+00  -.26560958457872D+00
  -.13189580545842D+01  0.47920717589612D+00  0.52912687104261D+00
  -.10252084730953D+00  0.12618591674172D+00  0.57660563402598D-01
  -.25944873770081D+01  0.42525303769744D+00  0.12912004361627D+01
  -.58351592480988D+00  -.69352432505941D+00  0.69724773740907D+00
  0.16829418674859D+01  0.55946120508979D-01  -.12946442517716D+01
  -.18254316434477D-01  0.13759972136446D+00  -.95621760991011D-02
  0.25181900468613D+00  -.15721792621651D+00  -.93391191978650D-01
  -.70545639536936D-01  -.53080903304872D-02  0.49306980322339D-01
  -.22610779352817D+00  -.37302387163899D-01  0.72868762520697D-01
  -.13966059507608D+00  -.52540809847490D-01  0.57193606834325D-01
  0.70005026316565D-01  0.30337234015088D-02  -.17184308150068D+00
  0.34930055189695D+00  -.18087244493104D+00  -.17040196691903D+00
  -.31351125120056D-01  0.10215598310694D+00  -.72824914334956D-01
  -.23131137268346D+00  0.15720249754899D-01  -.20679980476487D-03
  -.60177654318901D+00  0.27761761339005D+00  0.13075009698831D+00
  -.17500484005955D+00  0.35475213091798D-01  0.31034661922957D-01
  0.24466081491198D+00  -.16054483621375D+00  -.20409581154759D+00
  0.16222057431284D+00  -.22829928710053D-01  -.10417405339543D+00
  0.79102216306668D-01  -.20112156308409D+00  0.54027479157718D-01
  -.18260675286886D+00  0.89826412026090D-01  0.56547588108621D-01
  0.14997322280635D+00  -.83813822934554D-01  -.81265191485390D-01
  -.18537018017254D-01  -.42753679013368D-01  -.17372315143486D-01
  -.13700618057708D+00  0.39443933168538D-01  -.40230405795439D-02
  -.26516336200026D+00  0.90519737564870D-01  0.49339305897260D-01
  -.13609306693965D+00  0.12539799660502D+00  0.17438991427498D-01
  0.12949870381915D+00  -.11019593002332D+00  -.15575613109621D+00
  0.89140470885297D-01  -.11506001550335D+00  -.48909236254463D-01
  0.59182893213647D-01  0.84229453355113D-01  -.93071855421909D-01
  -.11852094616771D+00  0.55274708471120D-02  -.36127430781474D-01
  0.32261775073409D-01  -.11476935242690D-01  0.44416005772532D-01
  0.62339600727841D+00  0.57266163131950D+00  -.65762317472712D+00
  -.70163575171306D-01  -.18845194221340D+00  0.37851759567462D+00
  0.15316610750714D-01  -.39255207310123D-01  0.84588580019091D-01
  -.94771279075145D-01  0.56211692123788D-01  0.58128978499408D-01
  -.16702193327345D+00  -.41712991963137D-01  0.14118984200460D+00
  0.17012578675253D+00  0.39162928026802D-01  -.10751753895652D+00
  0.67047002860147D-01  0.12422252778993D+00  -.32857973849274D-01
  0.40964539908205D-01  0.58134384426467D-01  0.36835342652723D-01
  0.37010103073707D-01  -.30939506268477D-01  -.52337222701958D-01
  -.41233080292141D-01  0.53856776806601D-01  0.17300956347311D-01
  0.18272304484817D-01  0.63884244534287D-01  0.45048533698141D-01
  0.50101195927806D-01  -.19184696645118D-01  0.11145957416016D-01
  -.11046684306520D+00  0.69256838207580D-02  0.56427123345500D-01
  -.65997523767636D-02  -.31687873158083D-03  0.99303193186822D-01
  0.67210927807621D-01  -.24815351550944D-01  -.46543410239183D-01
  -.26970826225432D-01  0.13872599396907D+00  0.35596801273325D-02
  -.68245558695815D-01  -.35081389691416D-01  0.10219251061044D+00
  0.96547201843186D-01  -.73660648122199D-02  0.63168586314175D-01
  -.12541074274137D-01  0.11950452280127D+00  0.10949024245874D-01
  0.37150044715043D-02  0.82058734742471D-02  0.98259978881571D-01
  0.65309484412688D-01  -.83825152736826D-02  -.81084959588795D-01
  -.13927228548347D-01  0.98670465662169D-01  -.87128617046483D-02
  -.22639867909702D-01  -.11460057622149D-01  0.93917282971144D-01
  0.79528415969923D-01  0.31759159752396D-01  0.22358553268587D-01
  -.32994319245762D-02  0.75964143712539D-01  -.52823544866879D-01
  -.31109483897222D-02  -.69770514048790D-01  0.49574694518198D-01
  0.57962517048214D-01  0.52813225577966D-02  -.24161935389518D-01
  0.25164758523429D-01  0.12385906531145D+00  -.27891888930171D-01
  -.41010123610410D-02  -.39148112940397D-01  0.99884227649034D-01
  -.46786009648952D-01  0.15692920250695D-01  0.41572904479229D-01
  0.40674138747538D-01  0.64816266543293D-01  -.30452593664604D-01
  0.30722054627306D-01  0.55372252215859D-03  0.37644751274590D-01
  0.42883627016596D-01  -.30295545256444D-01  0.15866992617282D-02
  -.42840615397094D-01  -.63585844912409D-01  0.63378097603765D-01
  0.11937454804373D-01  0.33511770748965D-01  0.37959137593623D-01
  0.29060692257817D-01  0.29657260492467D-02  0.45353980690281D-02
  0.17248079885088D-01  0.18822636722247D-01  -.86639938358811D-01
  -.55286141847117D-01  -.40165640752550D-01  -.19921594732704D-01
  -.18543940298184D-01  -.69982486465442D-03  0.40844509337534D-01
  0.41369634120367D-01  0.56183705523449D-01  -.30991544312329D-01
  0.43945490227239D-01  -.16909028850693D-01  0.90091115494177D-02
  -.15554883640193D-02  0.23831436759271D-01  -.70869705747367D-01
  0.78144945225784D-01  0.35170736199960D-01  0.51791907124000D-02
  -.27527281291378D-01  0.88968709601182D-02  -.11581653446627D-01
  0.47042636930093D-01  -.24728967578057D-01  0.14692131548558D-01
  -.62675901972004D-01  -.74626605001252D-01  0.33905791309917D-01
  0.36125516562869D-02  0.25131174682787D-01  0.38735504820127D-01
  0.78874866219094D-01  0.60746433334025D-01  0.13424784161840D-01
  -.24835713143833D-01  0.82217422160644D-02  0.60150251185678D-01
  0.32545609714749D-02  0.69539612738967D-02  0.57587706063490D-01
  0.12728564880619D+00  -.16500232072565D-01  -.42547154834727D-01
  -.38659601041014D-01  -.35720216717360D-01  0.36406170926694D-01
  0.20016839087233D-01  0.27957938600595D-01  0.87603291869467D-01
  -.28288629968870D-01  0.39500967840730D-01  0.46419668008022D-01
  -.10063706382886D+00  -.40444497950263D-01  0.13907299459902D+00
  -.46440926228632D-01  0.57119082260888D-01  0.12760244394544D+00
  0.40914391510746D-01  0.17800304021834D-01  0.36562092033543D-01
  -.60413248457321D-01  -.20254604756069D-01  0.54457167320930D-01
  0.45125004422936D-01  0.81125438484800D-02  0.66688492796990D-01
  0.64433211637534D-02  0.32075387063874D-01  -.10719621137171D+00
  0.24121012033918D-01  -.25592326834943D-01  -.22870214334525D-01
  -.63325436906930D-01  0.14093705581012D-01  -.23871168810227D-01
  -.11006985312813D-01  -.82979198870238D-01  0.47200996803111D-01
  -.15396359561525D-01  0.88819322175345D-02  0.24186499001891D-01
  0.46979674719342D-01  0.54852647328616D-01  0.25803397612985D-02
  0.31837697195476D-01  0.29481862606140D-01  0.27599121487571D-01
  0.54616114487783D-01  -.21363129826377D-03  -.45030738777056D-01
  0.25708525843834D-01  -.51855415662889D-01  -.34533178653782D-01
  -.27437391913077D-01  0.31462735508185D-01  -.60607181910628D-01
  0.68209974689604D-01  -.33834167063684D-01  -.39236623176606D-01
  -.68924771251143D-01  0.18562048365924D-01  0.96188408443788D-02
  -.42905118991540D-01  -.19624211695501D-01  -.77662910948354D-01
  0.86686703728399D-02  0.51697543427342D-03  0.46067331641919D-02
  -.78741791969716D-01  -.37263486297751D-02  -.67156079719138D-01
  0.43483491893581D-01  0.42985512968935D-01  -.77139851039656D-02
  0.31894005243995D-02  -.17421662025840D+00  0.36372922737764D-01
  0.16481543615038D-02  0.31923819105110D-01  0.55036447847089D-01
  -.37411848025778D-01  -.12934231575952D-01  -.65973314992087D-01
  0.14993062027752D-01  0.61858264716007D-01  0.29422945609398D-01
  -.85497197814399D-01  0.47916417355586D-03  -.71497622914777D-01
  -.15240606644599D-01  0.27050076689543D-01  0.57064556879502D-01
  0.31879072253630D-01  0.43157016113893D-01  -.71301406680658D-01
  0.60435269650901D-01  -.91146936147096D-01  -.58599815418860D-01
  0.48669819042231D-01  0.25383419227410D-01  -.11684112649625D-01
  0.61411038622263D-01  -.16205474741705D+00  0.54041600279617D-01
  -.10369468904267D-01  0.22912143148919D-01  0.45786608337054D-01
  -.61254816092464D-01  -.10032090748131D+00  -.12774824753791D-01
  -.83472228700993D-01  0.32568382938783D-01  -.93285694475013D-02
  0.31471373858746D-01  -.72539807260280D-02  0.25480538348896D-01
  0.11244020867577D-01  0.23076918448860D-01  0.60400763267302D-01
  0.18073319004099D-01  0.43200658919146D-01  -.70835861800665D-01
  0.23761965384162D-01  -.75981585647833D-01  -.80123545655790D-01
  -.16244149993862D-01  0.21978293620649D-01  -.82083137374294D-01
  0.19193306641407D-01  0.65739807382746D-01  0.34502725496403D-01
  -.55213796869372D-01  0.48513568690382D-02  -.90495045566230D-01
  -.57838513194346D-01  -.73712642170772D-01  0.23843942441448D-01
  -.72741679461084D-01  0.59428964734302D-01  0.65273503882623D-02
  0.24166675818633D-01  -.18025652931024D-01  0.21731648918897D-01
  0.63192888050048D-01  -.69252540787996D-03  0.54262957121722D-02
  0.41607405179212D-01  -.18028260989822D+00  -.30125409737881D-02
  -.82604794902815D-03  0.54088576749627D-01  0.43499890465999D-01
  0.10732692910038D-01  0.49825968040636D-01  0.32105405295863D-01
  0.12886220562184D+00  -.30216818689492D-01  -.16021465411274D-01
  0.17333139155064D-01  0.18419433182698D-01  0.99436425739395D-01
  -.11289002898337D+00  0.61335334259102D-02  0.10750324175961D+00
  -.14292020919699D-01  0.69556297617733D-01  0.19946857086478D-01
  0.11556279186416D+00  0.84297767779303D-02  0.49698087079903D-01
  0.10830252888056D+00  -.24081654542949D-01  0.23779854220533D-01
  -.35455528310432D-01  -.37758142938510D-01  0.71601110823566D-01
  0.27806960182451D-01  0.56163166867334D-01  0.75668883646531D-01
  0.57864223686410D-01  0.54665132647619D-01  0.54482681838888D-01
  -.52585436436033D-02  0.90914597806618D-01  0.30509190589673D-01
  0.41348094511800D-01  0.98137351748473D-03  0.66481773170867D-01
  0.75641205822623D-01  -.53963771372639D-01  0.29539039242712D-01
  0.19481468229900D-01  -.41931161988581D-01  0.28961521188696D-01
  0.87218441344677D-02  0.61649294221247D-01  0.83711914001297D-01
  -.11927929728635D-01  0.91256859392908D-01  0.26723109979495D-01
  0.62884800293798D-01  -.29850127603741D-01  0.13509775881320D-01
  0.36785414582571D-01  -.45615715988563D-02  0.87376155159652D-01
  -.14835862200234D+00  -.94317780908942D-01  -.58356724594545D-02
  -.98121546651088D-01  0.14409272613960D-02  0.81146826554364D-01
  -.17223928189053D-01  0.81359313570716D-02  -.27542774943365D-01
  0.62553335937227D-01  0.94320171443917D-01  0.19103004605705D-01
  -.10027000708231D-01  -.17377915922209D-01  0.34947936748543D-01
  -.26823319946248D-03  -.15589210792231D-01  0.81169849215736D-02
  -.40563222259287D-01  0.42805712639127D-01  0.35834600820487D-01
  0.46974553759305D-01  -.39018349542196D-01  -.46392156962622D-01
  0.17782611809363D-01  -.43384228223862D-01  -.43716010967565D-02
  -.58665178504281D-01  0.31245800336636D-01  0.75657346422123D-01
  0.93880917215094D-03  -.31787578046029D-01  -.33549686670828D-01
  0.47830437519326D-01  -.89487142396214D-01  -.19771998227407D-01
  -.18686095793548D-01  0.68454307560990D-02  -.51225003932362D-01
  -.42956980802915D-01  0.40655570771205D-02  0.10360074604178D+00
  -.23067798848446D-01  0.62546588029146D-01  -.13218164842648D+00
  -.25018098783116D-01  0.51993668039710D-01  0.20819566987948D-01
  0.60735345840228D-01  -.16201988171347D-01  -.72838830119045D-01
  0.27057449524916D-01  -.58366908287152D-01  -.45653109641108D-01
  -.54615113103435D-01  -.63675177141157D-01  0.65401990530792D-01
  -.86409126680736D-01  -.11372869746288D+00  0.10445067317339D+00
  -.19668106207271D-01  0.93997771523161D-02  0.37083321727316D-01
  0.12602422838839D-01  -.28619955543108D-01  0.24262885609000D-02
  -.11147102453568D+00  -.14046288925047D+00  0.86179074740123D-01
  0.42034827428936D-01  0.64258419013342D-01  0.37912783616020D-01
  -.23629236757669D-01  0.12406976146368D-01  0.44474194995233D-01
  0.81617494065288D-01  0.62826399417650D-03  -.95053843329954D-01
  0.32723172792890D-01  -.69909865642590D-01  0.26288959787144D-03
  0.14417081263484D-02  0.11287741224279D-01  -.79221786134039D-01
  0.67668366833337D-01  0.78163641529120D-01  -.11387236719431D-02
  -.44541410141210D-01  0.36933584332768D-01  -.12901794118413D+00
  -.59371537878059D-01  0.59650452277943D-01  0.39275666588031D-01
  0.64435313140114D-01  -.33944786005646D-01  -.63533910677832D-01
  0.17409367773390D-01  -.33881406109489D-01  -.19800279895706D-01
  0.14256175065743D-01  -.28532385486392D-01  0.12508259451602D-01
  -.69614017699436D-01  -.10695848928847D+00  0.96018389792432D-01
  0.52781031222934D-01  0.85910069731634D-01  -.52416705052808D-01
  -.46138448821564D-01  0.49497205520977D-01  0.19454208575332D-01
  0.64572757679581D-01  -.39456692254281D-01  -.76313744204500D-01
  0.43070986947089D-01  -.68095836675837D-01  -.42969073667798D-01
  -.98365570687572D-02  -.26416628831953D-01  -.13123511825114D-01
  -.52252038594653D-01  -.96899444554850D-01  0.94226063567952D-01
  0.11130102219225D-01  0.78618757468101D-01  -.57008780561865D-01
  -.10731206320142D+00  -.51288182972764D-01  -.99346746389038D-01
  -.48226776566929D-01  0.47918784377658D-01  -.32519772698223D-01
  -.27092786447210D-01  -.99968532398952D-02  -.25570585234253D-01
  -.16870957244875D-01  0.87654759005158D-01  0.74140979257765D-01
  0.68588364727368D-01  -.33285189808567D-01  -.64419423538854D-01
  0.11611436960552D-01  -.36187115737897D-01  -.25270108237537D-01
  0.47667552207273D-01  -.38290595499766D-01  0.36433126764944D-01
  -.30321071908946D-01  -.94785065143478D-01  0.10576656482094D+00
  0.23095724069205D-02  0.49063445373653D-01  -.41753579749863D-01
$end
