$energy      SCF               SCFKIN            SCFPOT
     1 -2601.320537897      2583.471829479     -5184.792367376
     2 -2601.320537932      2583.471830901     -5184.792368833
     3 -2601.388302664      2582.991778673     -5184.380081337
     4 -2601.449645752      2581.953524846     -5183.403170599
     5 -2601.482229556      2581.623332792     -5183.105562348
     6 -2601.514612193      2580.199069335     -5181.713681528
     7 -2601.525655672      2579.238248118     -5180.763903790
     8 -2601.533494607      2578.525058862     -5180.058553469
     9 -2601.528404929      2578.119775110     -5179.648180039
    10 -2601.537083872      2578.079236144     -5179.616320016
    11 -2601.543033156      2578.290063997     -5179.833097153
    12 -2601.540173074      2578.427401564     -5179.967574638
    13 -2601.544302896      2578.394313054     -5179.938615950
    14 -2601.547263260      2578.337963358     -5179.885226618
    15 -2601.548847831      2578.192965442     -5179.741813273
    16 -2601.551059586      2577.928343928     -5179.479403513
    17 -2601.553097379      2577.797342428     -5179.350439807
    18 -2601.554959016      2577.732817672     -5179.287776687
    19 -2601.556144843      2577.756937260     -5179.313082103
    20 -2601.557405124      2577.784121673     -5179.341526796
    21 -2601.558567784      2577.721638660     -5179.280206444
    22 -2601.559247176      2577.678823718     -5179.238070894
    23 -2601.560030931      2577.629489014     -5179.189519945
    24 -2601.560841840      2577.560257036     -5179.121098876
    25 -2601.561302794      2577.523151209     -5179.084454003
    26 -2601.561672127      2577.540045264     -5179.101717391
    27 -2601.562044766      2577.558328341     -5179.120373107
    28 -2601.562417828      2577.546659659     -5179.109077487
    29 -2601.562835322      2577.498351147     -5179.061186470
    30 -2601.563252904      2577.435726434     -5178.998979338
    31 -2601.563608227      2577.374064222     -5178.937672449
    32 -2601.563865551      2577.350817932     -5178.914683483
    33 -2601.564086899      2577.361684086     -5178.925770985
    34 -2601.564339774      2577.377716397     -5178.942056171
    35 -2601.564532682      2577.374063958     -5178.938596640
    36 -2601.564665273      2577.354238414     -5178.918903687
    37 -2601.564785707      2577.324303358     -5178.889089064
    38 -2601.564897820      2577.291377670     -5178.856275490
    39 -2601.564966279      2577.278232195     -5178.843198474
    40 -2601.565040840      2577.281572677     -5178.846613517
    41 -2601.565122944      2577.298666987     -5178.863789931
    42 -2601.565171852      2577.310092277     -5178.875264128
    43 -2601.565230233      2577.312089968     -5178.877320201
    44 -2601.565276933      2577.308260717     -5178.873537651
    45 -2601.565316133      2577.297751076     -5178.863067209
    46 -2601.565358760      2577.293213805     -5178.858572566
    47 -2601.565399912      2577.298343537     -5178.863743450
    48 -2601.565430431      2577.303375375     -5178.868805806
    49 -2601.565467559      2577.312666380     -5178.878133939
    50 -2601.565502410      2577.312819748     -5178.878322158
    51 -2601.565535749      2577.305951062     -5178.871486811
    52 -2601.565569574      2577.294333628     -5178.859903202
    53 -2601.565608416      2577.286603106     -5178.852211522
    54 -2601.565658756      2577.281518842     -5178.847177598
    55 -2601.565704612      2577.284211038     -5178.849915650
    56 -2601.565756176      2577.292746055     -5178.858502232
    57 -2601.565799854      2577.299899803     -5178.865699656
    58 -2601.565831412      2577.303466609     -5178.869298022
    59 -2601.565865528      2577.303979505     -5178.869845033
    60 -2601.565912206      2577.304866175     -5178.870778381
    61 -2601.565954380      2577.306625425     -5178.872579805
    62 -2601.565997147      2577.311830120     -5178.877827267
    63 -2601.566039835      2577.314221596     -5178.880261431
    64 -2601.566086395      2577.320795364     -5178.886881759
    65 -2601.566131353      2577.322016199     -5178.888147552
    66 -2601.566165360      2577.321875814     -5178.888041174
    67 -2601.566199447      2577.319506669     -5178.885706116
    68 -2601.566236257      2577.315999638     -5178.882235895
    69 -2601.566274816      2577.309861055     -5178.876135871
    70 -2601.566313701      2577.305484388     -5178.871798089
    71 -2601.566371287      2577.301176324     -5178.867547611
    72 -2601.566422945      2577.300970741     -5178.867393686
    73 -2601.566485845      2577.301315434     -5178.867801280
    74 -2601.566563337      2577.304572480     -5178.871135817
    75 -2601.566620327      2577.306139240     -5178.872759567
    76 -2601.566674059      2577.303757973     -5178.870432032
    77 -2601.566734178      2577.296618648     -5178.863352826
    78 -2601.566778266      2577.295919598     -5178.862697864
    79 -2601.566809948      2577.294844422     -5178.861654371
    80 -2601.566849012      2577.300026571     -5178.866875584
    81 -2601.566905465      2577.303629246     -5178.870534711
    82 -2601.566950574      2577.309516765     -5178.876467339
    83 -2601.566997951      2577.309095859     -5178.876093810
    84 -2601.567054863      2577.304604586     -5178.871659449
    85 -2601.567104106      2577.300099013     -5178.867203119
    86 -2601.567131144      2577.298159591     -5178.865290735
    87 -2601.567171697      2577.299931389     -5178.867103086
    88 -2601.567201070      2577.311865177     -5178.879066247
    89 -2601.567221907      2577.314308889     -5178.881530797
    90 -2601.567255808      2577.322065391     -5178.889321199
    91 -2601.567290570      2577.322359551     -5178.889650121
    92 -2601.567339286      2577.338654125     -5178.905993411
    93 -2601.567371054      2577.315843494     -5178.883214547
    94 -2601.567421999      2577.316130360     -5178.883552359
    95 -2601.567482618      2577.306733468     -5178.874216085
    96 -2601.567519939      2577.308579017     -5178.876098955
    97 -2601.567574469      2577.313191033     -5178.880765502
    98 -2601.567615547      2577.314883835     -5178.882499382
    99 -2601.567642537      2577.313366466     -5178.881009003
   100 -2601.567684668      2577.305511494     -5178.873196161
   101 -2601.567727066      2577.296804315     -5178.864531381
   102 -2601.567779026      2577.291140483     -5178.858919508
   103 -2601.567835189      2577.287567273     -5178.855402462
   104 -2601.567874726      2577.293482830     -5178.861357556
   105 -2601.567909269      2577.299962612     -5178.867871881
   106 -2601.567938643      2577.304675842     -5178.872614484
   107 -2601.567984102      2577.303905748     -5178.871889851
   108 -2601.568008741      2577.304577133     -5178.872585875
   109 -2601.568028716      2577.302837460     -5178.870866176
   110 -2601.568050791      2577.306624448     -5178.874675238
   111 -2601.568065631      2577.310050361     -5178.878115992
   112 -2601.568073880      2577.312331804     -5178.880405684
   113 -2601.568081959      2577.318878149     -5178.886960108
   114 -2601.568088609      2577.315256306     -5178.883344914
   115 -2601.568095898      2577.318505301     -5178.886601198
   116 -2601.568111338      2577.317485053     -5178.885596390
   117 -2601.568127767      2577.319255717     -5178.887383484
   118 -2601.568140473      2577.320431541     -5178.888572014
   119 -2601.568182227      2577.325918546     -5178.894100773
   120 -2601.568213035      2577.324662386     -5178.892875422
   121 -2601.568232701      2577.320132154     -5178.888364855
   122 -2601.568255275      2577.311068511     -5178.879323786
   123 -2601.568267461      2577.309344224     -5178.877611685
   124 -2601.568281671      2577.310190700     -5178.878472371
   125 -2601.568289410      2577.313403361     -5178.881692770
   126 -2601.568294702      2577.313892240     -5178.882186942
   127 -2601.568309724      2577.322524079     -5178.890833802
   128 -2601.568320136      2577.318548916     -5178.886869052
   129 -2601.568329496      2577.318836801     -5178.887166297
   130 -2601.568344121      2577.316145127     -5178.884489248
   131 -2601.568363752      2577.316339070     -5178.884702821
   132 -2601.568388608      2577.318126973     -5178.886515581
   133 -2601.568411918      2577.323002936     -5178.891414854
   134 -2601.568430195      2577.326404280     -5178.894834474
   135 -2601.568441269      2577.327822134     -5178.896263403
   136 -2601.568457039      2577.324525293     -5178.892982332
   137 -2601.568474119      2577.316769265     -5178.885243385
   138 -2601.568483048      2577.313858567     -5178.882341614
   139 -2601.568488298      2577.310643677     -5178.879131975
   140 -2601.568502504      2577.313140661     -5178.881643165
   141 -2601.568513004      2577.316321079     -5178.884834083
   142 -2601.568517488      2577.316880459     -5178.885397947
   143 -2601.568523835      2577.317532712     -5178.886056547
   144 -2601.568535946      2577.314098554     -5178.882634500
   145 -2601.568546907      2577.310126500     -5178.878673407
   146 -2601.568557008      2577.307652827     -5178.876209835
   147 -2601.568578432      2577.306767928     -5178.875346360
   148 -2601.568588744      2577.308172862     -5178.876761605
   149 -2601.568602788      2577.309674620     -5178.878277409
   150 -2601.568617459      2577.309239689     -5178.877857148
   151 -2601.568627052      2577.307366689     -5178.875993740
   152 -2601.568633770      2577.306198949     -5178.874832719
   153 -2601.568641834      2577.304504802     -5178.873146636
   154 -2601.568657709      2577.303651475     -5178.872309184
   155 -2601.568666194      2577.302529072     -5178.871195266
   156 -2601.568674134      2577.301465325     -5178.870139458
   157 -2601.568681586      2577.305353285     -5178.874034870
   158 -2601.568686149      2577.297996117     -5178.866682265
   159 -2601.568690432      2577.297634270     -5178.866324703
   160 -2601.568697205      2577.295554477     -5178.864251682
   161 -2601.568704423      2577.299065060     -5178.867769483
   162 -2601.568708241      2577.302848722     -5178.871556963
   163 -2601.568712347      2577.304356432     -5178.873068779
   164 -2601.568721962      2577.307007419     -5178.875729381
   165 -2601.568724734      2577.307992688     -5178.876717422
   166 -2601.568729338      2577.308074683     -5178.876804021
   167 -2601.568733232      2577.306936495     -5178.875669727
   168 -2601.568737281      2577.305217729     -5178.873955009
   169 -2601.568740616      2577.308317489     -5178.877058105
   170 -2601.568743927      2577.304224966     -5178.872968893
   171 -2601.568747047      2577.303640935     -5178.872387983
   172 -2601.568751017      2577.301542504     -5178.870293521
   173 -2601.568755366      2577.300817918     -5178.869573284
   174 -2601.568758443      2577.300123520     -5178.868881963
   175 -2601.568763004      2577.299782967     -5178.868545971
   176 -2601.568769730      2577.299290591     -5178.868060321
   177 -2601.568778407      2577.295784625     -5178.864563032
   178 -2601.568781692      2577.295836388     -5178.864618080
   179 -2601.568786982      2577.295512970     -5178.864299952
   180 -2601.568791412      2577.294607678     -5178.863399090
   181 -2601.568796810      2577.294259770     -5178.863056580
   182 -2601.568802231      2577.294204864     -5178.863007096
   183 -2601.568807966      2577.294106745     -5178.862914711
   184 -2601.568811386      2577.297301454     -5178.866112840
   185 -2601.568814291      2577.296170638     -5178.864984929
   186 -2601.568821250      2577.294537731     -5178.863358982
   187 -2601.568823874      2577.294689730     -5178.863513604
   188 -2601.568828809      2577.294966007     -5178.863794815
   189 -2601.568832630      2577.297853345     -5178.866685975
   190 -2601.568837137      2577.299215557     -5178.868052695
   191 -2601.568840567      2577.301200250     -5178.870040817
   192 -2601.568846038      2577.301613133     -5178.870459170
   193 -2601.568850226      2577.301492660     -5178.870342886
   194 -2601.568852812      2577.304132208     -5178.872985020
   195 -2601.568856640      2577.301976117     -5178.870832758
   196 -2601.568860894      2577.301018529     -5178.869879422
   197 -2601.568864772      2577.301577119     -5178.870441891
   198 -2601.568868495      2577.302256552     -5178.871125047
   199 -2601.568873277      2577.304961740     -5178.873835017
   200 -2601.568880165      2577.307498724     -5178.876378889
   201 -2601.568881921      2577.307493844     -5178.876375765
   202 -2601.568883906      2577.309274106     -5178.878158011
   203 -2601.568886620      2577.306455271     -5178.875341892
   204 -2601.568891356      2577.304072006     -5178.872963362
   205 -2601.568893689      2577.301947769     -5178.870841459
   206 -2601.568896460      2577.301010430     -5178.869906890
   207 -2601.568898486      2577.301165555     -5178.870064041
   208 -2601.568899621      2577.300631199     -5178.869530821
   209 -2601.568903226      2577.299697210     -5178.868600436
   210 -2601.568906122      2577.298652341     -5178.867558463
   211 -2601.568912195      2577.296663939     -5178.865576135
   212 -2601.568917221      2577.297055512     -5178.865972733
   213 -2601.568919621      2577.297288485     -5178.866208105
   214 -2601.568923587      2577.297444142     -5178.866367729
   215 -2601.568928319      2577.298657687     -5178.867586006
   216 -2601.568931235      2577.296875036     -5178.865806271
   217 -2601.568934476      2577.296598950     -5178.865533426
   218 -2601.568938087      2577.297259567     -5178.866197655
   219 -2601.568941145      2577.297533069     -5178.866474214
   220 -2601.568944878      2577.298068261     -5178.867013139
   221 -2601.568948050      2577.298866885     -5178.867814935
   222 -2601.568951306      2577.296489131     -5178.865440436
   223 -2601.568953399      2577.297016969     -5178.865970367
   224 -2601.568956175      2577.298646763     -5178.867602938
   225 -2601.568956614      2577.301845801     -5178.870802415
   226 -2601.568958744      2577.299726281     -5178.868685025
   227 -2601.568961577      2577.298096440     -5178.867058017
   228 -2601.568963123      2577.297604213     -5178.866567337
   229 -2601.568965313      2577.298313885     -5178.867279198
   230 -2601.568967781      2577.299543483     -5178.868511264
   231 -2601.568969533      2577.299271492     -5178.868241025
   232 -2601.568971930      2577.298627054     -5178.867598983
   233 -2601.568973281      2577.298515331     -5178.867488613
   234 -2601.568975466      2577.298983322     -5178.867958788
   235 -2601.568976830      2577.299783282     -5178.868760112
   236 -2601.568978254      2577.300563505     -5178.869541759
   237 -2601.568979975      2577.300902001     -5178.869881976
   238 -2601.568981904      2577.300633135     -5178.869615039
   239 -2601.568984764      2577.299668126     -5178.868652890
   240 -2601.568990009      2577.297541607     -5178.866531616
   241 -2601.568992060      2577.296767600     -5178.865759660
   242 -2601.568994038      2577.296036407     -5178.865030445
   243 -2601.568996884      2577.295922451     -5178.864919335
   244 -2601.568998917      2577.297655123     -5178.866654040
   245 -2601.569000588      2577.297190476     -5178.866191063
   246 -2601.569003436      2577.296853054     -5178.865856490
   247 -2601.569007440      2577.295553379     -5178.864560819
   248 -2601.569010606      2577.294975661     -5178.863986267
   249 -2601.569014713      2577.294569957     -5178.863584670
   250 -2601.569018821      2577.294549382     -5178.863568203
   251 -2601.569023206      2577.296747711     -5178.865770918
   252 -2601.569026475      2577.295051404     -5178.864077879
   253 -2601.569030005      2577.293620766     -5178.862650771
   254 -2601.569034408      2577.292844539     -5178.861878947
   255 -2601.569038479      2577.292204991     -5178.861243470
   256 -2601.569041988      2577.291636793     -5178.860678781
   257 -2601.569046567      2577.291777110     -5178.860823677
   258 -2601.569051186      2577.293113840     -5178.862165026
   259 -2601.569055467      2577.294772247     -5178.863827714
   260 -2601.569059329      2577.295889341     -5178.864948670
   261 -2601.569062876      2577.296793067     -5178.865855943
   262 -2601.569063748      2577.297163560     -5178.866227308
   263 -2601.569066419      2577.297645674     -5178.866712092
   264 -2601.569078124      2577.294574423     -5178.863652547
   265 -2601.569080602      2577.297991682     -5178.867072283
   266 -2601.569083972      2577.295591415     -5178.864675387
   267 -2601.569089393      2577.297442341     -5178.866531734
   268 -2601.569096404      2577.294239404     -5178.863335808
   269 -2601.569104050      2577.293461665     -5178.862565715
   270 -2601.569111837      2577.294023319     -5178.863135156
   271 -2601.569119237      2577.295887551     -5178.865006789
   272 -2601.569125666      2577.295770895     -5178.864896561
   273 -2601.569133216      2577.295503271     -5178.864636487
   274 -2601.569138249      2577.293823847     -5178.862962097
   275 -2601.569140997      2577.292532172     -5178.861673169
   276 -2601.569149947      2577.288610024     -5178.857759971
   277 -2601.569156739      2577.289996854     -5178.859153593
   278 -2601.569163219      2577.290915012     -5178.860078231
   279 -2601.569169206      2577.292840015     -5178.862009221
   280 -2601.569173770      2577.295383192     -5178.864556963
   281 -2601.569180054      2577.295903422     -5178.865083476
   282 -2601.569185767      2577.296047941     -5178.865233708
   283 -2601.569192071      2577.295201619     -5178.864393690
   284 -2601.569203022      2577.294402983     -5178.863606005
   285 -2601.569212639      2577.295200564     -5178.864413203
   286 -2601.569213204      2577.295391065     -5178.864604270
   287 -2601.569224839      2577.292630552     -5178.861855391
   288 -2601.569244900      2577.294302729     -5178.863547628
   289 -2601.569247796      2577.299169086     -5178.868416882
   290 -2601.569252732      2577.300240741     -5178.869493473
   291 -2601.569255593      2577.299472702     -5178.868728296
   292 -2601.569259222      2577.297202833     -5178.866462055
   293 -2601.569260957      2577.295131972     -5178.864392929
   294 -2601.569264358      2577.293551465     -5178.862815823
   295 -2601.569262312      2577.297086101     -5178.866348413
   296 -2601.569267830      2577.292758016     -5178.862025846
   297 -2601.569272878      2577.292332888     -5178.861605766
   298 -2601.569287828      2577.285176112     -5178.854463939
   299 -2601.569288646      2577.290088820     -5178.859377466
   300 -2601.569292842      2577.297050407     -5178.866343248
   301 -2601.569299060      2577.297608506     -5178.866907566
   302 -2601.569304502      2577.294215500     -5178.863520002
   303 -2601.569310433      2577.289491503     -5178.858801936
   304 -2601.569318560      2577.283728256     -5178.853046816
   305 -2601.569323438      2577.283095449     -5178.852418887
   306 -2601.569330279      2577.285732336     -5178.855062614
   307 -2601.569339495      2577.289061766     -5178.858401261
   308 -2601.569345880      2577.295262246     -5178.864608126
   309 -2601.569352423      2577.291898763     -5178.861251186
   310 -2601.569357717      2577.291192530     -5178.860550247
   311 -2601.569361118      2577.290205469     -5178.859566588
   312 -2601.569364442      2577.289157362     -5178.858521804
   313 -2601.569366479      2577.287852449     -5178.857218928
   314 -2601.569368774      2577.289404986     -5178.858773760
   315 -2601.569369841      2577.295435173     -5178.864805014
   316 -2601.569371353      2577.289287196     -5178.858658548
   317 -2601.569372664      2577.289241418     -5178.858614082
   318 -2601.569374264      2577.288060603     -5178.857434867
   319 -2601.569375067      2577.286458711     -5178.855833778
   320 -2601.569376540      2577.289041150     -5178.858417690
   321 -2601.569378397      2577.289640930     -5178.859019326
   322 -2601.569380313      2577.289962600     -5178.859342912
   323 -2601.569381611      2577.289136515     -5178.858518127
   324 -2601.569383065      2577.288178546     -5178.857561611
   325 -2601.569384689      2577.287023560     -5178.856408249
   326 -2601.569385943      2577.286506259     -5178.855892203
   327 -2601.569387469      2577.285976491     -5178.855363961
   328 -2601.569389124      2577.286166614     -5178.855555739
   329 -2601.569391917      2577.286877179     -5178.856269096
   330 -2601.569393139      2577.287904791     -5178.857297930
   331 -2601.569394819      2577.289707622     -5178.859102441
   332 -2601.569396351      2577.290582155     -5178.859978506
   333 -2601.569400320      2577.290193928     -5178.859594248
   334 -2601.569403843      2577.288388405     -5178.857792247
   335 -2601.569405895      2577.287826888     -5178.857232783
   336 -2601.569408303      2577.285431481     -5178.854839784
   337 -2601.569410235      2577.284861928     -5178.854272164
   338 -2601.569414406      2577.287818068     -5178.857232473
   339 -2601.569418393      2577.291754101     -5178.861172494
   340 -2601.569420090      2577.290522548     -5178.859942637
   341 -2601.569422827      2577.288008215     -5178.857431042
   342 -2601.569422987      2577.285593836     -5178.855016823
   343 -2601.569420927      2577.281178423     -5178.850599351
   344 -2601.569420451      2577.280236504     -5178.849656955
   345 -2601.569422499      2577.281175955     -5178.850598454
   346 -2601.569416024      2577.270475074     -5178.839891099
   347 -2601.569420528      2577.277377646     -5178.846798174
   348 -2601.569420927      2577.280889168     -5178.850310095
   349 -2601.569422770      2577.282991262     -5178.852414032
   350 -2601.569427462      2577.286936165     -5178.856363627
   351 -2601.569428527      2577.287399219     -5178.856827746
   352 -2601.569423454      2577.285752116     -5178.855175570
   353 -2601.569420658      2577.285829205     -5178.855249863
   354 -2601.569423424      2577.291072501     -5178.860495925
   355 -2601.569423964      2577.291524859     -5178.860948823
   356 -2601.569425389      2577.290753093     -5178.860178482
   357 -2601.569427162      2577.289741621     -5178.859168783
   358 -2601.569428941      2577.289655845     -5178.859084787
   359 -2601.569435681      2577.291743536     -5178.861179217
   360 -2601.569435048      2577.290811801     -5178.860246849
   361 -2601.569435450      2577.292968039     -5178.862403489
   362 -2601.569433865      2577.293787955     -5178.863221820
   363 -2601.569430570      2577.293541733     -5178.862972303
   364 -2601.569431268      2577.295088968     -5178.864520236
   365 -2601.569433984      2577.293215671     -5178.862649655
   366 -2601.569437613      2577.293558834     -5178.862996447
   367 -2601.569442591      2577.292794911     -5178.862237502
   368 -2601.569443075      2577.292905426     -5178.862348502
   369 -2601.569442474      2577.292728254     -5178.862170728
   370 -2601.569443925      2577.292379878     -5178.861823804
   371 -2601.569443428      2577.290384253     -5178.859827681
   372 -2601.569443648      2577.289767713     -5178.859211362
   373 -2601.569443851      2577.288601711     -5178.858045562
   374 -2601.569444229      2577.288295053     -5178.857739282
   375 -2601.569444842      2577.288300234     -5178.857745077
   376 -2601.569446723      2577.288537952     -5178.857984675
   377 -2601.569448760      2577.288639554     -5178.858088314
   378 -2601.569449824      2577.288367864     -5178.857817688
   379 -2601.569451464      2577.288490212     -5178.857941676
   380 -2601.569452397      2577.288491770     -5178.857944167
   381 -2601.569453648      2577.288923857     -5178.858377505
   382 -2601.569454413      2577.289171082     -5178.858625495
   383 -2601.569455537      2577.289362924     -5178.858818461
   384 -2601.569457724      2577.289437808     -5178.858895532
   385 -2601.569462255      2577.289165753     -5178.858628008
   386 -2601.569464661      2577.288348469     -5178.857813129
   387 -2601.569467371      2577.287985829     -5178.857453200
   388 -2601.569469076      2577.287340725     -5178.856809801
   389 -2601.569470518      2577.286885316     -5178.856355835
   390 -2601.569470476      2577.286494072     -5178.855964548
   391 -2601.569470002      2577.286380067     -5178.855850069
   392 -2601.569469094      2577.286312262     -5178.855781356
   393 -2601.569469338      2577.286550083     -5178.856019421
   394 -2601.569470146      2577.287985486     -5178.857455632
   395 -2601.569469198      2577.286866695     -5178.856335893
   396 -2601.569469647      2577.287077896     -5178.856547543
   397 -2601.569470401      2577.287944333     -5178.857414735
   398 -2601.569470788      2577.286826443     -5178.856297231
   399 -2601.569472666      2577.286891923     -5178.856364589
   400 -2601.569473300      2577.286670002     -5178.856143301
   401 -2601.569473969      2577.287041440     -5178.856515409
   402 -2601.569474224      2577.288297393     -5178.857771617
   403 -2601.569473986      2577.288291579     -5178.857765564
   404 -2601.569474183      2577.288148140     -5178.857622323
   405 -2601.569475293      2577.288179647     -5178.857654939
   406 -2601.569478707      2577.288980065     -5178.858458772
   407 -2601.569480154      2577.287740505     -5178.857220659
   408 -2601.569482397      2577.284998797     -5178.854481194
   409 -2601.569483226      2577.284853370     -5178.854336596
   410 -2601.569484147      2577.284806706     -5178.854290853
   411 -2601.569484598      2577.285118840     -5178.854603437
   412 -2601.569485132      2577.286742999     -5178.856228131
   413 -2601.569486085      2577.288253236     -5178.857739321
   414 -2601.569486820      2577.289095958     -5178.858582779
   415 -2601.569487436      2577.289835618     -5178.859323054
   416 -2601.569487588      2577.289978495     -5178.859466082
   417 -2601.569488824      2577.290228949     -5178.859717773
   418 -2601.569489406      2577.290247340     -5178.859736746
   419 -2601.569489993      2577.290432683     -5178.859922676
   420 -2601.569490298      2577.290904731     -5178.860395029
   421 -2601.569491622      2577.292265727     -5178.861757349
   422 -2601.569491827      2577.292294225     -5178.861786051
   423 -2601.569492837      2577.292151894     -5178.861644731
   424 -2601.569493493      2577.292407618     -5178.861901111
   425 -2601.569494527      2577.291099193     -5178.860593720
   426 -2601.569495150      2577.291062249     -5178.860557399
   427 -2601.569496417      2577.291301255     -5178.860797672
   428 -2601.569497446      2577.291107550     -5178.860604996
   429 -2601.569497963      2577.291357545     -5178.860855508
   430 -2601.569498190      2577.291751825     -5178.861250015
   431 -2601.569498366      2577.292280463     -5178.861778829
   432 -2601.569498497      2577.292495276     -5178.861993773
   433 -2601.569498560      2577.292276277     -5178.861774837
   434 -2601.569498736      2577.290648513     -5178.860147249
   435 -2601.569499969      2577.290735521     -5178.860235490
   436 -2601.569500389      2577.290374907     -5178.859875296
   437 -2601.569500321      2577.289230976     -5178.858731297
   438 -2601.569500962      2577.289067265     -5178.858568227
   439 -2601.569501506      2577.289411834     -5178.858913341
   440 -2601.569502469      2577.289080198     -5178.858582667
   441 -2601.569503316      2577.288889119     -5178.858392435
   442 -2601.569504372      2577.288876177     -5178.858380548
   443 -2601.569504361      2577.289279842     -5178.858784203
   444 -2601.569505380      2577.290177095     -5178.859682475
   445 -2601.569506379      2577.290606398     -5178.860112777
   446 -2601.569507252      2577.290825687     -5178.860332940
   447 -2601.569508424      2577.291082991     -5178.860591415
   448 -2601.569508998      2577.291040939     -5178.860549937
   449 -2601.569509062      2577.290357845     -5178.859866907
   450 -2601.569509255      2577.290477155     -5178.859986410
   451 -2601.569509664      2577.291210804     -5178.860720468
   452 -2601.569509452      2577.291769494     -5178.861278946
   453 -2601.569509302      2577.292645447     -5178.862154748
   454 -2601.569510337      2577.293224462     -5178.862734799
   455 -2601.569510249      2577.292044653     -5178.861554902
   456 -2601.569511881      2577.292035479     -5178.861547360
   457 -2601.569512104      2577.290973113     -5178.860485217
   458 -2601.569512059      2577.291239258     -5178.860751317
   459 -2601.569512440      2577.291910955     -5178.861423395
   460 -2601.569512338      2577.292426102     -5178.861938440
   461 -2601.569513289      2577.293018917     -5178.862532206
   462 -2601.569514668      2577.293135176     -5178.862649844
   463 -2601.569514882      2577.293237366     -5178.862752248
   464 -2601.569515286      2577.293230663     -5178.862745949
   465 -2601.569514984      2577.293021135     -5178.862536119
   466 -2601.569513889      2577.292943745     -5178.862457634
   467 -2601.569513406      2577.292862254     -5178.862375660
   468 -2601.569512205      2577.292521827     -5178.862034032
   469 -2601.569512162      2577.292474375     -5178.861986538
   470 -2601.569512493      2577.291953206     -5178.861465699
   471 -2601.569512686      2577.291663636     -5178.861176322
   472 -2601.569512766      2577.291410405     -5178.860923171
   473 -2601.569513033      2577.291459190     -5178.860972223
   474 -2601.569513354      2577.291388090     -5178.860901444
   475 -2601.569513815      2577.291402481     -5178.860916295
   476 -2601.569514653      2577.291369896     -5178.860884550
   477 -2601.569515156      2577.291305099     -5178.860820255
   478 -2601.569514645      2577.291273044     -5178.860787690
   479 -2601.569514632      2577.291196826     -5178.860711458
   480 -2601.569514630      2577.291673372     -5178.861188001
   481 -2601.569514553      2577.291805416     -5178.861319969
   482 -2601.569516008      2577.293093097     -5178.862609105
   483 -2601.569515895      2577.292540123     -5178.862056018
   484 -2601.569516050      2577.291720507     -5178.861236558
   485 -2601.569516454      2577.292303260     -5178.861819715
   486 -2601.569516501      2577.292690839     -5178.862207340
   487 -2601.569516317      2577.292912839     -5178.862429156
   488 -2601.569516464      2577.293329918     -5178.862846383
$end
