103
f3on
  C    3.098487    4.000216    1.002894   
  C    4.280262    3.446431    0.719118   
  C    3.021728    3.012624   -0.750828   
  C    5.930323    2.480771   -5.471732   
  C    6.774490    3.371228   -3.215462   
  C    6.907714    2.295650   -4.302955   
  C   -1.439687    0.688593    0.717156   
  C    0.585896    0.550375   -0.641480   
  C    2.643643    0.519625   -1.835720   
  C    4.795537    0.599827   -2.841828   
  C    8.897415    1.393234   -4.685815   
  C   10.163922    1.377282   -5.149401   
  C    6.989096    0.879798   -3.775597   
  C   -0.365541    0.072624    0.181628   
  C    1.684762   -0.100046   -1.099960   
  C    3.815044   -0.070132   -2.188769   
  C    6.035320    0.170349   -3.140913   
  C    8.222188    0.417670   -4.048900   
  C    1.857451   -1.563997   -0.730838   
  C    4.066840   -1.514321   -1.793391   
  C    2.781316   -2.336412   -1.676310   
  C    2.992594   -3.837312   -1.304855   
  C    1.633260   -4.558293   -1.141783   
  C    3.788376   -4.024320    0.004421   
  C    3.754415   -4.568794   -2.436334   
  N    2.322954    3.704390    0.050296   
  O    4.178727    2.859652   -0.352491   
  S    2.389349    2.293891   -2.292164   
  O    8.224389    2.415839   -4.841554   
  C   10.986917    0.351506   -5.048146   
  C   10.653892    2.446504   -5.754395   
  C    8.638003   -0.787643   -3.726201   
  N   11.721350   -0.541977   -4.966057   
  N   11.108223    3.370655   -6.288073   
  N    8.992737   -1.852077   -3.436808   
  C   -2.972881    2.065488    1.356333   
  C   -3.219389    0.892840    1.936450   
  N   -2.285287    0.142036    1.515290   
  C   -3.725729    3.154514    1.533292   
  C   -4.788208    3.032968    2.347742   
  C   -5.053649    1.854645    2.944403   
  C   -4.277456    0.771755    2.749906   
  C   -1.877001    1.964933    0.595238   
  C   -1.512118    3.086439   -0.048793   
  C   -2.239929    4.210940    0.097741   
  C   -3.336343    4.258232    0.876289   
  C   -2.260051   -1.274458    1.968454   
  C   -1.616704   -1.484780    3.358592   
  C   -1.714945   -2.958707    3.809739   
  C   -0.153130   -0.990013    3.371007   
  C   -3.146219   -3.506588    3.910067   
  C    0.529151   -0.984544    4.749329   
  C    1.912178   -0.312842    4.693909   
  C    2.607162   -0.322674    6.061921   
  H    2.818983    4.596132    1.879088    
  H    5.240680    3.430322    1.243552    
  H    4.866546    2.399350   -5.162424    
  H    6.057390    3.486753   -5.932527    
  H    6.109291    1.721877   -6.267231    
  H    5.775442    3.377560   -2.730710    
  H    7.536149    3.229012   -2.415275    
  H    6.927341    4.385952   -3.648330    
  H    0.446103    1.592832   -0.919723    
  H    4.610919    1.629790   -3.158492    
  H   -0.224517   -0.967363    0.492120    
  H    6.324629   -0.844614   -2.832172    
  H    2.224622   -1.615604    0.319700    
  H    0.872587   -2.077588   -0.805540    
  H    4.680921   -2.027293   -2.564865    
  H    4.627814   -1.502756   -0.830943    
  H    2.291928   -2.321716   -2.685228    
  H    1.763697   -5.656730   -1.015411    
  H    0.982665   -4.404229   -2.032226    
  H    1.079048   -4.214444   -0.240537    
  H    3.885408   -5.103028    0.263219    
  H    4.823357   -3.625263   -0.072654    
  H    3.294367   -3.529519    0.869027    
  H    3.241901   -4.447534   -3.417286    
  H    4.799291   -4.206222   -2.549301    
  H    3.830922   -5.661672   -2.237645    
  H   -5.447112    3.897549    2.533686    
  H   -5.928869    1.774886    3.611852    
  H   -4.518398   -0.175871    3.255697    
  H   -0.636671    3.152440   -0.705242    
  H   -1.929099    5.125782   -0.436558    
  H   -3.905046    5.198038    0.970970    
  H   -3.309561   -1.645701    1.982057    
  H   -1.798104   -1.960696    1.227370    
  H   -2.185794   -0.865506    4.096214    
  H   -1.120463   -3.601193    3.117929    
  H   -1.261670   -3.064768    4.823436    
  H    0.453244   -1.609269    2.669003    
  H   -0.128548    0.061084    2.998630    
  H   -3.152995   -4.509682    4.396032    
  H   -3.793022   -2.833565    4.518005    
  H   -3.617917   -3.638388    2.911106    
  H   -0.115182   -0.442787    5.481685    
  H    0.661871   -2.027459    5.119515    
  H    2.555186   -0.842795    3.950754    
  H    1.805196    0.742901    4.346956    
  H    3.605525    0.169388    6.006516    
  H    2.002724    0.221595    6.823144    
  H    2.762818   -1.363729    6.426552    
