$coord
  -22.89259417864048      7.30563623689915     -0.80306707779806       c
  -20.52082753001356      8.51573594118953     -0.98832765215549       c
  -18.27220514166472      7.19481052313189     -0.81682214449513       c
  -18.26613466948989      4.55627833243210     -0.43627338052518       c
  -15.96474394514584      3.14591554734649     -0.26912015910886       c
  -15.97723430722428      0.59065922963403      0.10553554081158       c
  -18.28647408970449     -0.81015719065152      0.36714573227184       c
  -18.31551213191060     -3.48804930782798      0.77754797125527       c
  -20.69378321624232     -4.69181524149245      0.96326419956164       c
  -22.94815155514328     -3.37864513672870      0.73455762139735       c
  -22.97267959977409     -0.74660451281269      0.34570140608718       c
  -25.27159894913822      0.65814607693531      0.13600422468050       c
  -25.27218612380226      3.21396070705311     -0.23061800591050       c
  -22.95862878583140      4.62711302846008     -0.41638496508084       c
  -20.62098499960012      3.24877017081909     -0.22432762086692       c
  -20.61947282058953      0.56309062311328      0.16795666589123       c
  -25.22142909841883      8.77079983645601     -0.99376252936944       c
  -15.97517643899458     -4.93417906701382      1.01797733218492       c
  -25.45134717962872     11.23760709741433     -1.66351692631173       c
  -15.78141230856848     -7.46648886047243      0.58048743791712       c
  -27.83740496987169     12.48423943567565     -1.76000002474211       c
  -13.70253365635934     -8.96434210248850      0.94816331352797       n
  -13.53927515713070    -11.38674477999670     -0.32204179692811       c
  -11.37326046818264     -7.86944881671083      1.86829274804388       c
  -29.76828120519248     13.53279144571039     -1.85433028804965       n
  -20.44732475625786     10.56116440638417     -1.24798414808098       h
  -16.47005964182146      8.19411712436271     -0.96441235485647       h
  -14.17407060888642      4.15866532069277     -0.46437231689594       h
  -14.17734958501802     -0.40874167578442      0.18219910473315       h
  -20.76454164233552     -6.71476230795897      1.36556273707756       h
  -24.74610788690831     -4.38454634269600      0.90232734355368       h
  -27.06389218851771     -0.36280818154031      0.26982280647997       h
  -27.08335064715931      4.17891845249416     -0.39735373233543       h
  -26.98160358157588      7.79242735450976     -0.54845404158650       h
  -14.27959765052933     -3.90244583024551      1.56934680442461       h
  -23.81839699418879     12.39273556689913     -2.18435345291039       h
  -17.41793248737803     -8.50458838043412     -0.14374486508803       h
  -15.44793456188332    -12.14667852464841     -0.64088565563848       h
  -12.57923898073352    -11.26627151724665     -2.18145484809288       h
  -12.49055328975485    -12.75199747132847      0.85106659969322       h
  -10.43103075901863     -6.65644935136083      0.44150899678893       h
  -11.74029406741954     -6.70396244247490      3.55424492374875       h
  -10.05394304543952     -9.38385541569900      2.40289447669677       h
$end
