$coord
    3.93808923766007     -0.96675456159149      0.35759386964644  c
    4.50136349890664      4.40174027957503      4.27411381857125  c
    1.71029815537358      0.80131018784766      0.89641088324162  c
    3.26181625541834      1.95390791000323      5.19537578894305  c
   -1.19005243825935      0.60001710516930      4.58393589137102  c
   -1.56195851163494      0.08761251867660      7.20002806505666  c
   -3.40222684574359      0.56947204495394      3.03880451371403  c
   -5.76809486039329      0.06667632663675      4.03170381827283  c
   -3.94598368108345     -0.40624659437191      8.16907097844602  c
   -6.13622421673747     -0.44127669855912      6.63466775105344  c
   -8.57014489994837     -0.96645352948642      7.75870130899381  c
  -10.85663860728362     -1.11071380472950      6.56506065396196  c
  -13.24055417447925     -1.61645359377406      7.74602653113403  c
  -15.58077323200433     -1.78456133911193      6.51095789016992  c
  -17.60433471368246     -2.29784839093166      8.13377500747063  c
  -16.90270000398860     -2.54199630184345     10.67625623957582  c
  -18.55272902958546     -3.05570272638863     12.72263601346278  c
  -17.89127578196079     -3.29521756321395     15.23522135799253  c
  -23.87257508176467     -1.85321900787623     16.36193280736461  c
  -19.54535867379116     -3.80797532901495     17.27454589483866  c
  -18.81329673153656     -4.03752785298938     19.79905401323246  c
  -22.39663764318028     -4.20926484511087     17.16704679883707  c
  -23.18230137580106     -6.59103125797999     15.72233621813075  c
  -21.02334650344158     -4.56186127799031     21.30382035213180  c
  -21.31535935647775     -4.94750902168361     23.88905305040320  c
    1.16596752673517      1.10799047325387      3.59475027483998  n
  -13.61603666644614     -2.11055594754212     10.99794186349428  s
  -16.28806847854672     -3.78436126892003     20.66814860095892  c
  -23.05334588548797     -4.66252518063740     19.82170727558991  o
  -19.25810480902218     -4.87117908880587     25.62315518560278  c
  -23.77260959708967     -5.44131729129856     24.88405608804237  c
  -14.18114797268293     -3.55407269519087     21.25053873542105  n
  -17.63411129110837     -4.82435755215798     27.10521150552626  n
  -25.76642866730461     -5.84553725052549     25.71891795760923  n
    4.12546200284425     -1.22782227463228     -1.69919235613405  h
    5.74838535055676     -0.21842079094367      1.05672300453339  h
    3.62981660072134     -2.83592085819928      1.22249413948355  h
    5.93713768564557      5.00685456282490      5.65451975970484  h
    5.45760803239430      4.18303756955765      2.43958796751645  h
    3.09218797002043      5.92462809318797      4.09518989866828  h
    0.03301056193573      0.01046565998649     -0.02254556072963  h
    2.04681557131457      2.65966223430164      0.00373963251113  h
    2.52846224044851      2.28891041909604      7.10186477521480  h
    4.70271667803942      0.45131853179559      5.37537259045761  h
    0.04617354912537      0.01253643222057      8.48331309327162  h
   -3.26875675787390      1.01976812450918      1.03397196425079  h
   -7.38642751360979      0.10752665065030      2.74969148314612  h
   -4.13054931709208     -0.81441751544742     10.18736593417410  h
   -8.52708208698237     -1.27765991546162      9.80789672761087  h
  -10.97146252349685     -0.82745267470269      4.51927289741117  h
  -15.76040767170630     -1.53313538826997      4.47165529744140  h
  -19.56350439150788     -2.49693741383266      7.51649608526461  h
  -20.52978996111965     -3.26725234334912     12.16108879234284  h
  -15.89866571033996     -3.07362317648387     15.74658539258455  h
  -23.54904303362735     -1.42247317555461     14.35670292006898  h
  -25.90472028912191     -2.18838751862724     16.64591781607894  h
  -23.30138583182693     -0.20616007647054     17.49377156270102  h
  -22.83719159432346     -6.37327262872071     13.68645782902283  h
  -22.12352189898287     -8.24608517999880     16.40102443131623  h
  -25.21249472989276     -6.92994702077868     16.01510250093157  h
$user-defined bonds
$end
