$dipgrad          cartesian dipole gradients
  0.12031331886793D+00  0.76091119807847D-01  0.34724088894029D-01
  -.32890122138550D-01  0.17116495696720D-01  0.41413105342185D-01
  0.32872525503304D+00  0.59561059956535D-01  -.13157512320215D+00
  -.18278224368214D+00  -.10121457662174D+00  0.71423871262227D-01
  0.13362248101356D-01  0.21259877138430D-01  -.24450282382427D-01
  -.33481339776618D+00  -.61825733009749D-01  0.28253525155729D+00
  0.28993760748625D-01  -.12908734015837D+00  -.12309362340716D+00
  0.35888519819690D-01  0.40299818492746D+00  -.48192945248569D-01
  -.13912290096533D+01  -.23222738628963D+00  0.13705399940194D+01
  0.13038823099568D+01  0.27759025187364D+00  -.14838824223797D+00
  0.14310881585093D+00  0.46514106801549D+00  0.42792334312605D-01
  0.11229508936163D+01  0.26474206512352D+00  -.25960852718315D+00
  0.40418435665562D+01  0.83892223209247D+00  -.21339828369593D+01
  0.83429759430462D+00  0.31368134303970D+00  -.49270388428692D+00
  -.17165258560315D+01  -.45223085266053D+00  0.91658255002041D+00
  -.12630238249334D+01  -.24652396297082D+00  0.68906271960667D+00
  -.19469170546710D+00  -.25042973813059D+00  0.82591330857906D-01
  0.21445897737571D+01  0.45190281131470D+00  -.12187234175006D+01
  -.22901531999126D+01  -.49326100735083D+00  0.13357266324900D+01
  -.48566465217262D+00  -.31597503815013D+00  0.25765563119846D+00
  -.70701790941582D+00  -.18789921632619D+00  0.36697220832539D+00
  0.10466358958161D+01  0.25332303651347D+00  -.66238218216426D+00
  0.44786583310737D+00  0.16172419502028D-01  -.33364498127327D+00
  -.16307363367471D+01  -.44439284990516D+00  0.12669197788606D+01
  0.22611850927247D+01  0.48465973329418D+00  -.10791506007126D+01
  0.24666228986573D+00  -.29110142060282D-01  -.12656592215919D+00
  0.43640000995067D+00  0.57759136778493D-01  -.18022377876984D+00
  -.30958558273454D+01  -.67991769306246D+00  0.17642110633469D+01
  -.63097086099843D+00  -.21422124236899D+00  0.42723104787476D+00
  0.12873993570476D+01  0.34253046846417D+00  -.10844837146596D+01
  0.45189167306460D+01  0.10434341755800D+01  -.27374802429837D+01
  0.66672406212760D+00  0.96357712848798D-01  -.40377967025851D+00
  0.10682874558988D-01  0.19555618376193D-02  -.10273387119669D+00
  -.42581185394466D+01  -.99105276175985D+00  0.29171202578967D+01
  -.46307666062887D+00  -.29902292693165D+00  0.28093923733288D+00
  -.60602732512663D+00  -.19119525862190D+00  0.55836260204612D+00
  0.39927622810263D+01  0.96919819611344D+00  -.28203773737271D+01
  0.63059935149215D+00  0.10500169714197D+00  -.40492384724272D+00
  -.31101061426925D+00  -.40990891581242D-01  -.82565585855960D-01
  -.31785991313222D+01  -.80948509440270D+00  0.27767617266303D+01
  -.41442715731658D+00  -.29241688317827D+00  0.36376607561705D+00
  0.51854375722811D-02  -.14126036357994D-01  -.72710879037476D-01
  0.10654801668406D+01  0.28758083944767D+00  -.87803367913168D+00
  0.50206252728428D+00  0.47225671452216D-01  -.50719572350003D+00
  -.24046584891385D+01  -.71775493968218D+00  0.26338101015606D+01
  -.16159894951932D+01  -.44168272544742D+00  0.16875831486759D+01
  -.64465706116522D+00  -.33434485947343D+00  0.71696548693847D+00
  0.31674242365142D+01  0.93306512296412D+00  -.36596361522374D+01
  0.10693769869073D+01  0.29528284837411D+00  -.99179748800196D+00
  0.68757485115487D+00  0.16955290895265D+00  -.83072188580279D+00
  -.39189618517506D+01  -.12533528057473D+01  0.50430901838299D+01
  -.96942225176518D+00  -.26216573541267D+00  0.11015417081060D+01
  -.59561468030961D+00  -.38077699640983D+00  0.78525318192130D+00
  0.35947173785265D+01  0.11494150390167D+01  -.48567458904303D+01
  -.63569377299943D-01  0.26660542122968D-01  0.21707363971498D-01
  -.16466826435803D+00  -.73014341926001D-01  0.86353437638530D-01
  0.45139441872417D-01  -.14585874069646D-01  -.11685815720845D+00
  0.13552246248426D+01  0.38047771638573D+00  -.13208956407628D+01
  0.65572719770587D+00  0.17881725494661D+00  -.90018811165529D+00
  -.33962352105642D+01  -.12068169432709D+01  0.52725709659833D+01
  -.68815730651641D+00  -.14483462764357D+00  0.40184770645190D+00
  -.46745501425858D+00  -.21552668380122D+00  0.61925009620500D+00
  0.28057080457519D+01  0.96646240304154D+00  -.42339380848250D+01
  0.49561125550214D+00  0.48111018931022D-01  -.32687723055265D+00
  -.11239384032608D-01  0.48260530532225D+00  -.98364983158761D-01
  0.14292177465276D+00  -.24915643733653D-01  0.81193436945401D+00
  -.10491524271813D+00  -.47034211548811D-01  0.40707259405506D-01
  0.14271559002986D+00  -.23741326094051D-01  -.69628703482242D-01
  0.77107678457617D-01  0.50212479286825D-01  -.12397220174497D+00
  0.28228909624253D+01  0.66017555553565D+00  -.21374806964191D+01
  0.58932995614035D+00  0.45831138782957D+00  -.85266846774988D+00
  -.16241787963133D+01  -.78345446864627D+00  0.43502283517022D+01
  -.70906205218766D+00  -.18146163705758D+00  0.69679247239529D+00
  -.24899256875305D+00  -.20885293450207D+00  0.45795265830679D+00
  0.11872453230743D+01  0.52280561597947D+00  -.27313321167245D+01
  -.39288007814893D+01  -.79041791530259D+00  0.18958100214238D+01
  -.83167945959255D+00  -.62068145991684D+00  0.33301466419934D+00
  0.13932819477494D+01  0.27980961424167D+00  -.13140959223981D+01
  0.42977514137158D+00  0.14728795953514D+00  -.71816052029777D+00
  -.83313198859691D-02  0.82905961261765D-01  -.13248279283584D-01
  0.45699403527587D+00  0.16371234938092D+00  -.63326401260563D+00
  -.21882322449642D+00  -.23908005809176D+00  0.13055976449362D+01
  -.67891662099497D-01  0.18281925490708D+00  0.17166843779969D+00
  0.82837322961644D-02  -.24540977595187D-01  0.40995066307241D+00
  -.15720555224916D+01  -.17140143811879D+00  -.38780525793490D-01
  -.12830167736221D+00  -.41684854494053D+00  0.16403179060066D+00
  -.34442756112796D+00  0.12186418988809D+00  -.16744532046883D+01
  0.95887954556627D-02  -.20527251789252D+00  0.13047207778164D+01
  -.47643674774986D-01  0.20524454647682D+00  0.91279123162072D-01
  0.82904836696513D-01  -.10025231015896D+00  0.10701851678166D+01
  0.13575328035445D+01  0.36141164834767D+00  -.14415592475355D+01
  0.23737520614063D+00  0.26753461127383D+00  -.24248982231268D+00
  -.52395401341268D+00  -.11404247305801D+00  0.46832716585516D+00
  -.65348214606847D-01  0.14593353208872D+00  -.79821723108867D+00
  0.24603160462243D-01  -.32248703638655D+00  -.82986388951339D-01
  0.65430300297667D-01  0.31182271589721D-01  -.49903139143227D+00
  -.21978488643695D+00  0.11154564130147D+00  -.70800676328391D+00
  -.26849833214510D-02  -.34704426598442D+00  0.21450799972787D-04
  0.93296809901107D-01  0.10165611999795D+00  -.10116342472628D+01
  -.10597792542377D+01  -.21208542441300D+00  0.82951665593647D+00
  -.15017339329615D+00  -.42149598536777D+00  0.17389787911977D+00
  0.35576691359249D+00  0.98158964743545D-01  -.72601555710576D+00
  -.79843702061080D-01  -.70853819761833D-02  0.10215140446871D+00
  0.11264444817878D+00  0.83035304660100D-01  -.75437580287372D-01
  0.11913089250529D+00  -.24123804145238D-01  -.18958606875858D+00
  -.14576032848702D+00  -.51609558609702D-01  -.25533645302018D-01
  -.49331226181628D-01  0.23201426915770D-01  -.44767271834555D-01
  -.11537343915038D+00  -.31555918547484D-01  0.80493258744594D-01
  0.33615977912207D-01  -.18842312347448D-01  0.24014201824853D-01
  0.20037312917364D-01  -.10510133433586D+00  0.51904630243079D-01
  -.31019185368623D-01  0.86485573450826D-01  0.64089535103575D-01
  -.15036298070532D+00  -.96939701498928D-01  -.29159141474798D-01
  -.19129681965159D+00  0.42806885142029D-02  0.52230733088022D-01
  -.85836095496306D-01  -.38747283527536D-01  -.25145864271771D-01
  0.34865118569938D-01  0.61570459156595D-02  0.87456973014580D-01
  -.14442457640864D-01  0.33022348954271D-01  -.15834883250475D-01
  0.15048390321062D+00  0.13348538742369D-01  -.12381069858903D+00
  -.81148403923064D-03  0.11699681603388D+00  -.22574729771879D-01
  0.59783181494956D-01  -.66444790796151D-01  0.28321011059932D-01
  0.24189862843800D-01  0.41554191331661D-01  0.50912301994562D-01
  -.24775019520838D-01  -.26590868006371D-01  -.83124086761357D-01
  -.16045220535453D-01  0.44571889129732D-01  -.66344897203202D-01
  0.18883813492040D-02  -.21023348959139D-01  0.78810514156377D-02
  -.19865564341480D-01  0.12021993491785D-03  0.10618194410452D+00
  -.55206910184372D-01  -.17046529651749D+00  0.14241070645446D+00
  0.38631987254659D+00  0.11519452119762D+00  -.24658918172347D+00
  0.43091274794026D-01  -.46743670919359D-02  0.70122641350187D-01
  -.35698025269021D-01  0.42135724653595D-01  -.13695632906568D-01
  -.27794425233854D-01  -.34122459456114D-01  -.41221402285586D-01
  -.40561243144898D+00  -.20271700639440D-01  0.94616458189730D-01
  0.83906389701168D-01  -.12811887320859D+00  0.37489793372998D-01
  -.23721646880384D+00  -.47782641576674D-01  0.17848644408581D+00
  -.10933207280808D+00  -.27998711843311D-01  -.17174515063189D-01
  0.54154283986736D-02  0.15150155560819D+00  0.20489663604663D-01
  -.10776956899688D+00  -.30336321703908D-02  0.64213818243971D-01
  0.56320886038298D-01  -.24281656567094D-01  0.40447074738412D-01
  -.41770521740574D-01  0.12814152260987D+00  0.74987371998997D-01
  0.10583125893827D+00  0.57031248280400D-01  -.10626798178647D+00
  0.33563473365415D-01  0.11776594496954D-01  -.13536230479223D+00
  0.57471652919237D-01  0.13351826948505D+00  -.38878224687372D-01
  -.70857136160272D-01  0.66941470594513D-02  0.35523023899797D-01
  0.13796058225263D+00  0.38607411192145D-03  0.64115450681956D-02
  -.52199717540740D-01  0.10911551805296D+00  0.58401165523970D-01
  -.42216926279510D-01  0.25168309755074D-01  -.35571880649893D-01
  0.11106325137347D+00  0.40816842901956D-02  -.40938906814306D-01
  -.26339010929583D-01  0.11284178785428D+00  0.37410062288675D-01
  0.33209914115365D-01  0.34613947626301D-01  -.65701148596743D-01
  0.28744219302540D-01  -.19959634031979D-01  0.29557413068330D-01
  -.33897654832034D-01  0.13698861555249D+00  0.45604754877548D-01
  0.49423110830354D-01  0.43835994567063D-01  -.10867001329126D+00
  0.96157045797651D-01  -.15072079034964D-01  0.33448659504679D-01
  -.11102125388348D-01  0.16308555643950D+00  0.34224041507487D-01
  0.23469236746061D-02  0.30897586556326D-01  -.55003662502592D-01
  -.29944850229867D-01  -.20698342923876D-01  -.47008353105991D-01
  -.21141465235002D-01  0.15458356865398D+00  -.44023112746910D-02
  -.51856781061548D-01  -.66263938562296D-02  0.15084884855838D+00
  -.55497098608209D-01  -.27012943616676D-01  -.12590824693495D-01
  -.16712936724585D-01  0.13979454381546D+00  -.35836442612419D-02
  -.59691118692416D-01  -.57658079495056D-02  0.12123754759222D+00
  -.50585859437921D-01  -.33862075628683D-01  0.38498107097036D-01
  -.30830505009393D-01  0.13918238792636D+00  0.19504352512973D-01
  0.21463549409344D-01  0.17582628995239D-01  0.37309984028153D-01
  0.10559290861281D+00  0.11868070772167D-01  0.38228024294468D-02
  0.31314633864369D-01  0.62971155457737D-01  0.32392224442113D-01
  0.19512592264559D-01  0.29079909004932D-01  -.79697693868320D-01
  -.14988766889740D+00  -.17734669137759D-01  0.39743339357466D-01
  0.20331820203393D-01  0.57277111030129D-01  -.28984845833206D-02
  0.29075369092067D-01  0.15313695551175D-01  0.92640736935317D-01
  0.72334613734860D-01  -.27007932112432D-01  -.61797495370660D-01
  -.15524667314029D-01  -.49155124446156D-01  -.41592996262106D-01
  -.19690598468476D-01  -.78550552259320D-01  0.28176901353857D-01
  0.11528607703610D+00  0.49997025956242D-03  0.56391237092599D-02
  -.21298032024035D-01  0.58160959332244D-01  0.74756139959163D-02
  0.12755438421370D-01  0.14823530907879D-01  -.84581127058842D-01
  0.46974526986009D-01  0.75524548969411D-01  -.52723279807475D-01
  0.56732664285208D-01  -.45989298114192D-01  -.18307960408613D-02
  -.29455088019580D-01  0.45713250450018D-01  0.51804688759639D-01
  -.12906421237148D+00  -.49476409811397D-01  0.35684600864520D-01
  -.81643137413838D-01  0.41109487651300D-01  0.20975271370933D-02
  0.20766077639889D-01  -.18195843922850D-01  0.89821064639334D-01
$end
