$energy      SCF               SCFKIN            SCFPOT
     1 -1772.973410857      1758.633326329     -3531.606737186
     2 -1772.973410863      1758.633177342     -3531.606588206
     3 -1772.969903923      1757.983451523     -3530.953355446
     4 -1772.972830632      1758.052256064     -3531.025086697
     5 -1772.975990646      1758.164939769     -3531.140930415
     6 -1772.976320404      1758.051483070     -3531.027803474
     7 -1772.976172509      1757.876383221     -3530.852555730
     8 -1772.976460051      1757.867988629     -3530.844448679
     9 -1772.976567799      1757.886923501     -3530.863491299
    10 -1772.976596745      1757.882525927     -3530.859122672
    11 -1772.976638453      1757.867487487     -3530.844125940
    12 -1772.976685855      1757.840480480     -3530.817166335
    13 -1772.976735144      1757.810267531     -3530.787002675
    14 -1772.976786555      1757.789589305     -3530.766375860
    15 -1772.976812313      1757.782748412     -3530.759560725
    16 -1772.976827200      1757.778346145     -3530.755173345
    17 -1772.976846328      1757.772489789     -3530.749336116
    18 -1772.976881220      1757.763398225     -3530.740279445
    19 -1772.976904535      1757.758172429     -3530.735076964
    20 -1772.976921254      1757.753558240     -3530.730479494
    21 -1772.976942927      1757.748795912     -3530.725738839
    22 -1772.976952579      1757.749137687     -3530.726090266
    23 -1772.976956422      1757.749135209     -3530.726091631
    24 -1772.976960599      1757.748752372     -3530.725712972
    25 -1772.976965353      1757.747231901     -3530.724197254
    26 -1772.976975175      1757.743273859     -3530.720249034
    27 -1772.976987633      1757.739330959     -3530.716318592
    28 -1772.976996545      1757.737297440     -3530.714293986
    29 -1772.977005532      1757.735073874     -3530.712079406
    30 -1772.977012328      1757.734188081     -3530.711200409
    31 -1772.977020040      1757.733167424     -3530.710187464
    32 -1772.977026788      1757.731796661     -3530.708823450
    33 -1772.977028678      1757.729259790     -3530.706288469
    34 -1772.977032682      1757.726944581     -3530.703977263
    35 -1772.977040476      1757.724150352     -3530.701190828
    36 -1772.977044875      1757.723598028     -3530.700642903
    37 -1772.977051143      1757.723147042     -3530.700198185
    38 -1772.977056146      1757.724261499     -3530.701317645
    39 -1772.977063405      1757.724620191     -3530.701683596
    40 -1772.977065021      1757.723414026     -3530.700479047
    41 -1772.977097499      1757.722378618     -3530.699476117
    42 -1772.977092004      1757.721212457     -3530.698304462
    43 -1772.977105980      1757.719929283     -3530.697035263
    44 -1772.977106835      1757.720093257     -3530.697200092
    45 -1772.977108268      1757.721047627     -3530.698155895
    46 -1772.977109148      1757.721230386     -3530.698339533
    47 -1772.977109866      1757.721108889     -3530.698218756
    48 -1772.977110687      1757.720726726     -3530.697837413
    49 -1772.977110966      1757.719020611     -3530.696131577
    50 -1772.977111291      1757.718956382     -3530.696067673
$end
