60

C          2.05850       -0.51110        0.20059
C          2.34938        2.32334        2.26445
C          0.87740        0.41952        0.48079
C          1.70024        1.02797        2.75395
C         -0.65039        0.31030        2.43222
C         -0.84362        0.04156        3.81014
C         -1.81712        0.29218        1.62040
C         -3.06096        0.02881        2.14552
C         -2.09732       -0.21850        4.32133
C         -3.25201       -0.23742        3.51663
C         -4.53053       -0.51380        4.11557
C         -5.73708       -0.58987        3.49474
C         -6.98781       -0.85775        4.12497
C         -8.22143       -0.94624        3.47721
C         -9.28442       -1.21656        4.33220
C         -8.91492       -1.34599        5.67056
C         -9.78910       -1.61407        6.74186
C         -9.45002       -1.74201        8.06664
C        -12.61061       -0.97558        8.63908
C        -10.32999       -2.00977        9.13087
C         -9.95263       -2.12996       10.46249
C        -11.83265       -2.22004        9.06240
C        -12.24758       -3.47461        8.29665
C        -11.11302       -2.40792       11.25373
C        -11.27057       -2.61314       12.61349
N          0.59019        0.57987        1.90868
S         -7.18585       -1.12010        5.83469
C         -8.62408       -1.99486       10.92163
O        -12.18884       -2.46473       10.47085
C        -10.19439       -2.56887       13.53165
C        -12.56094       -2.88377       13.13589
N         -7.51701       -1.87188       11.22459
N         -9.34685       -2.54131       14.31604
N        -13.60845       -3.10682       13.56898
H          2.16487       -0.63503       -0.87881
H          3.00213       -0.11858        0.58120
H          1.89240       -1.49577        0.64262
H          3.10953        2.63307        2.98427
H          2.83986        2.20989        1.29704
H          1.61005        3.12267        2.18360
H          0.00000        0.00000        0.00000
H          1.05524        1.39525        0.01727
H          1.31744        1.20399        3.75394
H          2.45726        0.24160        2.83850
H         -0.00000       -0.00000        4.48234
H         -1.75041        0.52858        0.56897
H         -3.91060        0.05010        1.47472
H         -2.19250       -0.43208        5.38012
H         -4.50049       -0.67626        5.19038
H         -5.80329       -0.44054        2.42228
H         -8.31892       -0.81373        2.40864
H        -10.31173       -1.32021        4.00874
H        -10.82509       -1.72084        6.44308
H         -8.40650       -1.62956        8.34281
H        -12.44174       -0.75304        7.58668
H        -13.67632       -1.15078        8.78849
H        -12.30824       -0.11115        9.23024
H        -12.06163       -3.35641        7.23031
H        -11.69488       -4.34448        8.65169
H        -13.31368       -3.64884        8.44398