$basis
*
c aug-cc-pVDZ
# c     (18s5p2d) / [4s3p2d]     {8811/311/11}
*
   8  s
  6665.0000000      0.69200000000E-03
  1000.0000000      0.53290000000E-02
  228.00000000      0.27077000000E-01
  64.710000000      0.10171800000
  21.060000000      0.27474000000
  7.4950000000      0.44856400000
  2.7970000000      0.28507400000
 0.52150000000      0.15204000000E-01
   8  s
  6665.0000000     -0.14600000000E-03
  1000.0000000     -0.11540000000E-02
  228.00000000     -0.57250000000E-02
  64.710000000     -0.23312000000E-01
  21.060000000     -0.63955000000E-01
  7.4950000000     -0.14998100000
  2.7970000000     -0.12726200000
 0.52150000000      0.54452900000
   1  s
 0.15960000000       1.0000000000
   3  p
  9.4390000000      0.38109000000E-01
  2.0020000000      0.20948000000
 0.54560000000      0.50855700000
   1  p
 0.15170000000       1.0000000000
   1  d
 0.55000000000       1.0000000000
   1  s
 0.46900000000E-01   1.0000000000
   1  p
 0.40410000000E-01   1.0000000000
   1  d
 0.15100000000       1.0000000000
*
n aug-cc-pVDZ
# n     (18s5p2d) / [4s3p2d]     {8811/311/11}
*
   8  s
  9046.0000000      0.70000000000E-03
  1357.0000000      0.53890000000E-02
  309.30000000      0.27406000000E-01
  87.730000000      0.10320700000
  28.560000000      0.27872300000
  10.210000000      0.44854000000
  3.8380000000      0.27823800000
 0.74660000000      0.15440000000E-01
   8  s
  9046.0000000     -0.15300000000E-03
  1357.0000000     -0.12080000000E-02
  309.30000000     -0.59920000000E-02
  87.730000000     -0.24544000000E-01
  28.560000000     -0.67459000000E-01
  10.210000000     -0.15807800000
  3.8380000000     -0.12183100000
 0.74660000000      0.54900300000
   1  s
 0.22480000000       1.0000000000
   3  p
  13.550000000      0.39919000000E-01
  2.9170000000      0.21716900000
 0.79730000000      0.51031900000
   1  p
 0.21850000000       1.0000000000
   1  d
 0.81700000000       1.0000000000
   1  s
 0.61240000000E-01   1.0000000000
   1  p
 0.56110000000E-01   1.0000000000
   1  d
 0.23000000000       1.0000000000
*
o aug-cc-pVDZ
# o     (18s5p2d) / [4s3p2d]     {8811/311/11}
*
   8  s
  11720.000000      0.71000000000E-03
  1759.0000000      0.54700000000E-02
  400.80000000      0.27837000000E-01
  113.70000000      0.10480000000
  37.030000000      0.28306200000
  13.270000000      0.44871900000
  5.0250000000      0.27095200000
  1.0130000000      0.15458000000E-01
   8  s
  11720.000000     -0.16000000000E-03
  1759.0000000     -0.12630000000E-02
  400.80000000     -0.62670000000E-02
  113.70000000     -0.25716000000E-01
  37.030000000     -0.70924000000E-01
  13.270000000     -0.16541100000
  5.0250000000     -0.11695500000
  1.0130000000      0.55736800000
   1  s
 0.30230000000       1.0000000000
   3  p
  17.700000000      0.43018000000E-01
  3.8540000000      0.22891300000
  1.0460000000      0.50872800000
   1  p
 0.27530000000       1.0000000000
   1  d
  1.1850000000       1.0000000000
   1  s
 0.78960000000E-01   1.0000000000
   1  p
 0.68560000000E-01   1.0000000000
   1  d
 0.33200000000       1.0000000000
*
s aug-cc-pVDZ
# s     (35s16p2d) / [5s4p2d]     {(11)(11)(11)11/7711/11}
*
  11  s
  110800.00000      0.24763500000E-03
  16610.000000      0.19202600000E-02
  3781.0000000      0.99619200000E-02
  1071.0000000      0.40297500000E-01
  349.80000000      0.12860400000
  126.30000000      0.30348000000
  49.260000000      0.42143200000
  20.160000000      0.23078100000
  5.7200000000      0.17897100000E-01
  2.1820000000     -0.29751600000E-02
 0.43270000000      0.84952200000E-03
  11  s
  110800.00000     -0.68703900000E-04
  16610.000000     -0.52768100000E-03
  3781.0000000     -0.27967100000E-02
  1071.0000000     -0.11265100000E-01
  349.80000000     -0.38883400000E-01
  126.30000000     -0.99502500000E-01
  49.260000000     -0.19974000000
  20.160000000     -0.12336000000
  5.7200000000      0.51319400000
  2.1820000000      0.60712000000
 0.43270000000      0.39675300000E-01
  11  s
  110800.00000      0.19907700000E-04
  16610.000000      0.15348300000E-03
  3781.0000000      0.80950300000E-03
  1071.0000000      0.32897400000E-02
  349.80000000      0.11296700000E-01
  126.30000000      0.29638500000E-01
  49.260000000      0.59985100000E-01
  20.160000000      0.41324800000E-01
  5.7200000000     -0.20747400000
  2.1820000000     -0.39288900000
 0.43270000000      0.63284000000
   1  s
 0.15700000000       1.0000000000
   7  p
  399.70000000      0.44754100000E-02
  94.190000000      0.34170800000E-01
  29.750000000      0.14425000000
  10.770000000      0.35392800000
  4.1190000000      0.45908500000
  1.6250000000      0.20638300000
 0.47260000000      0.10214100000E-01
   7  p
  399.70000000     -0.11625100000E-02
  94.190000000     -0.86566400000E-02
  29.750000000     -0.39088600000E-01
  10.770000000     -0.93462500000E-01
  4.1190000000     -0.14799400000
  1.6250000000      0.30190400000E-01
 0.47260000000      0.56157300000
   1  p
 0.14070000000       1.0000000000
   1  d
 0.47900000000       1.0000000000
   1  s
 0.50700000000E-01   1.0000000000
   1  p
 0.39900000000E-01   1.0000000000
   1  d
 0.15200000000       1.0000000000
*
h aug-cc-pVDZ
# h     (5s2p) / [3s2p]     {311/11}
*
   3  s
  13.010000000      0.19685000000E-01
  1.9620000000      0.13797700000
 0.44460000000      0.47814800000
   1  s
 0.12200000000       1.0000000000
   1  p
 0.72700000000       1.0000000000
   1  s
 0.29740000000E-01   1.0000000000
   1  p
 0.14100000000       1.0000000000
*
$end
