$coord
    0.34611904151791      0.75399371287215      4.54864538000990  c
   -1.51109033531740     -3.03520331868112      3.09647552790814  c
   -1.90113078347023     -3.82930906820073      5.51402090085595  c
    0.00288234432802      0.05792017262255      7.00545328065197  c
   -1.16313943059982     -2.32324134000592      7.66936465197483  c
   -1.58112216875401     -3.18161365090091     10.13051531166815  c
   -0.95363689805351     -1.89740289314869     12.37852077308738  c
    0.75937614766815      1.65297840534719     21.95867162108157  c
   -0.47133825654891     -0.94240691454677     21.70472788512362  c
   -0.89203460436754     -1.84819855032233     24.14317725931349  c
   -0.00497832903078      0.01108501423869     25.93558663900362  c
    0.01443845841107      0.03010038812248     28.55438256987172  c
    0.00697063850640      0.01293468746991     -0.05728526233534  c
   -0.39017176686732     -0.74770761889573      2.56139625066794  n
    3.47454120452063      1.75381320988322     20.95426705814543  c
   -0.88748389607741      3.81885856962927     20.96500945970315  c
    0.93271787229190      2.00183194881165     24.68510660588252  o
   -2.01614861868058     -4.22888305923864     24.67378254609629  c
   -0.94527914299587     -2.00833716470145     30.03750171817833  c
    1.03303298162931      2.16610505604749     29.85823572879437  c
   -2.94786736572903     -6.20326222894731     24.92198953520663  n
   -1.70561271504987     -3.62456242745088     31.31798585843272  n
    1.85735299900645      3.89304412220132     30.93905793409632  n
   -1.37858395866894     -2.78725818091406     14.80166624834046  c
   -0.71067135862580     -1.41557607618050     16.99609190568846  c
   -1.09716010357465     -2.23748502077100     19.44625871138000  c
    1.22730690985790      2.54783918308708      4.03775400981079  h
   -2.06619954266310     -4.16809631792641      1.46373319685766  h
   -2.80027782821242     -5.66182551196962      5.81707426130858  h
    0.64147516747551      1.36202037652679      8.46696348264946  h
   -2.48382109325941     -5.03367824263988     10.32544316723623  h
   -0.05269084472941     -0.03649810700447     12.22341485218895  h
    0.87501181191326      1.89556664357961     -0.10441093847976  h
    1.27266156754026     -1.32161206706673     -1.03562581783827  h
   -1.80184602441885      0.09470421451112     -1.08582088675547  h
    3.51743773274043      1.59398715345241     18.88367010106157  h
    4.34610951031830      3.56073577731854     21.50206832102741  h
    4.60600148360782      0.20535842616517     21.75613312600674  h
   -1.04370425487319      3.75508482828568     18.89501176507683  h
   -2.79973974808862      3.70861864146135     21.77160939478828  h
   -0.04190337301059      5.63656109038002     21.51648302059560  h
   -2.27352850234845     -4.64006342625392     15.04541190324058  h
    0.17553887608199      0.42743821534669     16.67659018146146  h
   -1.98353953804512     -4.09058896449175     19.70428808937060  h
$user-defined bonds
$end
