$dipgrad          cartesian dipole gradients
  0.46673102353402D-02  0.73916736382054D-01  0.27022661652408D+00
  0.75743104040298D-01  0.12353504943464D+00  0.53188938282642D+00
  -.13162097569231D-01  -.26821285772985D-01  0.24453726310762D+01
  0.70034578079187D-01  0.20675291236612D+00  -.89791664207726D+00
  0.20680987282357D+00  0.39299985083026D+00  -.18621585094480D+01
  -.31935124373694D-01  -.68534159248303D-01  0.13693014414551D+01
  -.10091187176881D+00  0.73068932530788D-01  -.97899087904923D-01
  0.72919060077996D-01  0.10414584594388D-01  -.21505849405015D+00
  0.21020322492664D-01  0.46623217375049D-01  -.21209993863892D+01
  -.14578208671535D+00  -.45452143782953D-02  0.73085790125529D+00
  -.30614467560710D-02  -.15166383572235D+00  0.14848074168154D+01
  0.51049831601874D-01  0.10417107265258D+00  -.15214937492317D+01
  0.75237798948873D-01  0.19951540068760D-02  -.81417553688527D+00
  -.57012199547919D-03  0.79454830663712D-01  -.16767480046107D+01
  -.38121913402605D-01  -.85228016630945D-01  0.38394007015804D+01
  -.15004701888894D+00  0.10463619187401D+00  -.78474514048612D-01
  0.10531672243925D+00  0.13512873071869D-01  -.16515050223964D+00
  -.20531838241895D-01  -.34450308433034D-01  -.40642608444794D+01
  -.32169792766915D-01  0.20514237085078D-01  0.16172250666466D+00
  0.19520239634163D-01  0.10902295376371D-03  0.30827503369177D+00
  0.60848071127592D-01  0.11460620776837D+00  0.38678851560277D+01
  0.38767947106706D+00  -.59867487494137D-01  0.12172373980833D+00
  -.59707308587172D-01  0.29050194593857D+00  0.26329497182211D+00
  -.76584413122174D-01  -.16269871228082D+00  0.50504168686055D+00
  -.32499899754655D-01  0.56854690299483D-01  0.31509775628677D+00
  0.57315669580617D-01  0.58399180259583D-01  0.62219253619015D+00
  0.10573157370861D+00  0.20177789311236D+00  0.39386874366589D+01
  -.65664864686012D-01  -.74588990967977D-01  -.29462751300568D-01
  -.74495821988796D-01  -.18566483839589D+00  -.44103360259979D-01
  -.11709226173787D+00  -.23155705605774D+00  -.29645884410353D+01
  0.29576691125485D+00  0.26647199714166D+00  0.55730116070469D+00
  0.26758170528675D+00  0.73033710509919D+00  0.11530323633128D+01
  0.81252002571691D-01  0.15158045491469D+00  0.32158575590250D+01
  -.68837471758061D-01  -.28947739208282D-01  -.16206071449705D+00
  -.29259333148857D-01  -.11604699411641D+00  -.32818780946235D+00
  -.38272077124960D-01  -.70992770383332D-01  -.18095027427137D+01
  0.21588034546994D+00  -.20063953187927D-01  -.28070311443368D+00
  -.17487065952603D-01  0.18369740894618D+00  -.58819991688105D+00
  -.87955488567007D-01  -.16388160869016D+00  0.16880799622364D+01
  -.20314010088057D+00  -.18916311146959D+00  0.45898748640475D+00
  -.19324029344393D+00  -.50445093949445D+00  0.10283354057821D+01
  0.54826847894195D-01  0.10580904025159D+00  -.28885177155286D+01
  -.32201255946425D-01  0.42757914251740D-01  0.51460416210442D-01
  -.18052906606237D-01  -.19897507993636D-01  -.32400788495310D-01
  -.17281559375819D-01  0.16416304607927D-01  -.88587915693233D-01
  -.36546622663289D-01  -.23282020516470D-01  -.60458912483356D-01
  0.38968949476477D-01  -.14447771642375D-01  0.21089160181609D-01
  0.23596713357581D-01  -.25564921133958D-02  -.88562964047138D-01
  -.40555013558177D+00  -.22800683661032D+00  0.22919850336256D-01
  -.22760649737885D+00  -.78197823240071D+00  0.59958546075182D-01
  0.14973377468023D+00  0.32324475551249D+00  -.11463836939602D+01
  0.17841256659962D+00  0.76754771997798D-01  -.33576361558873D+00
  0.75061979253998D-01  0.30396660285654D+00  -.70979046853160D+00
  -.42242069346802D-01  -.88201026885599D-01  0.17434108322552D+00
  0.16841089252620D+00  0.47858756194266D-01  -.33648059552872D+00
  0.45711960100130D-01  0.24919354047550D+00  -.71311481578748D+00
  -.97359956950782D-01  -.20703025900248D+00  0.52676738878298D+00
  0.18319561354535D+00  0.95349753616400D-01  0.41129939800357D+00
  0.96959243707720D-01  0.33680679666151D+00  0.87103966786480D+00
  0.11527945411614D+00  0.24175300360809D+00  0.43079153702141D+00
  -.30259761658534D+00  -.40208638770665D-01  0.22643246556603D+00
  -.40437127925742D-01  -.37078801515677D+00  0.47350293913593D+00
  -.52746960112419D-02  -.11666042151005D-01  -.21755700625061D+00
  -.30279623700976D+00  -.13558150785124D-01  0.20880419135110D+00
  -.13641199551026D-01  -.32782897820739D+00  0.44216959603997D+00
  0.34797984507351D-01  0.75264822414543D-01  -.61960101328232D+00
  -.33347926422149D+00  -.53157611209756D-01  -.22976682215233D+00
  -.53816622971674D-01  -.41799416523447D+00  -.47681374364403D+00
  -.50454613636253D-01  -.10513262148852D+00  -.62049854146273D+00
  -.11703935067173D+00  0.10333444893001D+00  -.16713133914680D+00
  0.10333839908980D+00  0.46547850052272D-01  -.34185032391518D+00
  -.77259427375734D-01  -.14958354948360D+00  -.36386971000026D+01
  -.25625063741894D-01  0.56322419734517D-01  0.29748094473487D+00
  0.55467337868818D-01  0.62213703020557D-01  0.58286399561931D+00
  0.10953015288587D+00  0.21232526016547D+00  0.38237967828391D+01
  -.12359498442805D+00  0.56080363091796D-01  -.25368470116152D+00
  0.55534571018172D-01  -.33280585811177D-01  -.51674841208413D+00
  -.11139232193658D+00  -.21777928286610D+00  -.37328161339870D+01
  0.10004829915011D+00  -.50029666676100D-01  0.23685839015584D-01
  -.49582055537469D-01  0.23032060498384D-01  0.49348549900364D-01
  0.21019228607069D-01  0.43116086945624D-01  0.59187501570535D-01
  0.11624875785578D+00  -.26522873480008D-01  -.20850570651183D-01
  -.26703199989314D-01  0.74933214815781D-01  -.38700625661666D-01
  -.22602195357717D-01  -.45931111232882D-01  -.17957788118342D-03
  0.87785993427263D-01  -.54504329783797D-01  -.15974330573478D-01
  -.54132598431819D-01  0.41466284928093D-02  -.28648749244514D-01
  0.14619649251902D-01  0.29897573124479D-01  0.49727175735740D-01
  0.96040440428377D-01  -.39328913430892D-01  -.11699538467420D-01
  -.39743420467957D-01  0.34042714213231D-01  -.19257333152536D-01
  -.25129513925262D-01  -.51221311736185D-01  0.28121711897321D-01
  0.75294653092041D-01  -.77779348719837D-01  -.30416616929548D-01
  -.77825909025486D-01  -.46203677739217D-01  -.53651425557842D-01
  0.16712986200695D-02  0.38615585581810D-02  -.29063742769206D-02
  0.56456898296443D-01  -.73398021032164D-01  -.92723483729143D-02
  -.73371383583808D-01  -.59531498405433D-01  -.14801008732729D-01
  0.49196095649979D-03  0.13406234214925D-02  0.54929061766382D-01
  0.68065104161057D-01  -.55693280727998D-01  0.35875289103705D-01
  -.55411036583440D-01  -.26440829835478D-01  0.72199136593883D-01
  -.19221902804364D-01  -.44623121880728D-01  0.20934763528657D-03
  0.12726998556663D-01  0.49907422454940D-01  0.15218171359959D+00
  0.83749783603841D-01  0.54620038621022D-02  -.93953963229308D-01
  0.41001394617640D-01  0.30996036024694D-01  -.30592460384272D+00
  -.53648863356933D-01  0.21142780536709D-01  -.16076692728963D+00
  -.11438938605776D-01  0.77268609756162D-01  0.42166475852154D-01
  -.21116798178813D-02  0.48313402834221D-01  -.29065392464830D+00
  0.48095534336874D-01  -.30835182639270D-02  0.20618707912916D-01
  0.10138469274177D-01  0.72536143791371D-01  0.16687807704017D-01
  0.15778931825163D-01  0.43028446110611D-02  -.76567164617676D-01
  0.14987393775744D-01  -.52813076639202D-01  -.23711555271775D-01
  -.67696992999797D-01  -.50843391676191D-01  -.46156214659098D-01
  -.90181647084948D-02  -.40721665912800D-01  0.48317538726721D-01
  0.44426660915395D-02  0.44042245709758D-01  0.25040339637526D-01
  0.67379172387660D-01  -.13575310751528D-01  0.45463655866649D-01
  -.32003980611165D-01  0.37559477557167D-01  0.37326339714519D-01
  0.58694191162733D-01  0.19428553586224D-01  -.73703423187915D-03
  0.62177717351650D-02  0.60848232693676D-01  0.26436088063503D-01
  -.71257636267417D-02  0.15819291015850D-01  -.76065122776385D-01
  -.60884010250608D-01  0.13688582312580D-01  0.19244315001034D-01
  -.10078242919355D-01  0.51746121935468D-01  0.48510960306924D-01
  0.49977082631849D-01  -.10269228218560D-02  0.37265962400624D-01
  0.34337034064169D-01  -.51964319728525D-01  -.21373945760947D-01
  -.36403543269125D-01  -.70630681185559D-01  -.47614152062904D-01
  -.26032085302326D-01  -.33707426396500D-01  0.48067168196643D-01
  0.83705217079393D-01  -.74911984804117D-01  -.21603429404369D-01
  -.74826128328852D-01  -.34735254206620D-01  -.39101847882462D-01
  0.29605475804850D-02  0.69078279424719D-02  -.37891978555867D-02
  0.68767741080378D-01  -.76505342195464D-01  -.21164968168289D-01
  -.76521139761091D-01  -.53637550848746D-01  -.38888438357854D-01
  0.19491710062197D-01  0.40771023608289D-01  0.85151419242660D-01
  0.88034101379629D-01  -.58954434022142D-01  -.29411025792707D-01
  -.58623675588747D-01  -.60660161046813D-02  -.52164781695310D-01
  -.65133881711480D-02  -.13113026560449D-01  0.45266202711546D-02
$end
