$energy      SCF               SCFKIN            SCFPOT
     1 -1103.727227656      1093.184604873     -2196.911832530
     2 -1103.727227669      1093.184213399     -2196.911441069
     3 -1103.726078261      1092.771476539     -2196.497554800
     4 -1103.728926192      1092.843715584     -2196.572641776
     5 -1103.731029988      1092.826033209     -2196.557063197
     6 -1103.731213291      1092.801529163     -2196.532742454
     7 -1103.731571551      1092.709976842     -2196.441548393
     8 -1103.731556847      1092.649980695     -2196.381537543
     9 -1103.731627753      1092.653172928     -2196.384800681
    10 -1103.731698786      1092.651275846     -2196.382974632
    11 -1103.731749024      1092.607701643     -2196.339450667
    12 -1103.731798395      1092.549029061     -2196.280827456
    13 -1103.731797785      1092.530967591     -2196.262765376
    14 -1103.731851822      1092.531751986     -2196.263603808
    15 -1103.731893197      1092.547757244     -2196.279650441
    16 -1103.731925570      1092.557698302     -2196.289623872
    17 -1103.731962064      1092.558626968     -2196.290589032
    18 -1103.731999256      1092.546166586     -2196.278165842
    19 -1103.732024426      1092.518077806     -2196.250102232
    20 -1103.732038331      1092.499484582     -2196.231522913
    21 -1103.732058969      1092.489164934     -2196.221223904
    22 -1103.732084054      1092.486409718     -2196.218493772
    23 -1103.732097342      1092.495651581     -2196.227748923
    24 -1103.732103272      1092.502009020     -2196.234112292
    25 -1103.732106284      1092.503556690     -2196.235662974
    26 -1103.732109608      1092.501145000     -2196.233254608
    27 -1103.732114236      1092.493804042     -2196.225918278
    28 -1103.732117572      1092.491076741     -2196.223194313
    29 -1103.732122537      1092.489214193     -2196.221336730
    30 -1103.732127661      1092.489292946     -2196.221420607
    31 -1103.732131688      1092.490327067     -2196.222458755
    32 -1103.732134393      1092.489082025     -2196.221216418
    33 -1103.732136257      1092.486425250     -2196.218561506
    34 -1103.732137610      1092.484014409     -2196.216152019
    35 -1103.732138408      1092.482345793     -2196.214484202
    36 -1103.732138996      1092.481855441     -2196.213994437
$end
