44

C          0.18308        0.39481        2.42518
C         -0.79566       -1.59881        1.67415
C         -0.99984       -2.01126        2.95464
C          0.00316        0.03236        3.72567
C         -0.60699       -1.21092        4.06895
C         -0.82934       -1.66568        5.38503
C         -0.49649       -0.98912        6.54618
C          0.39705        0.86567       11.59159
C         -0.25160       -0.50282       11.45264
C         -0.47382       -0.98114       12.75647
C         -0.01407       -0.01687       13.69137
C          0.00000        0.00000       15.08282
C          0.00000        0.00000        0.00000
N         -0.20722       -0.40256        1.39460
C          1.83228        0.92335       11.07264
C         -0.47067        2.01272       11.07746
O          0.48500        1.04406       13.05071
C         -1.06149       -2.22957       13.04067
C         -0.49913       -1.06093       15.87183
C          0.53413        1.12039       15.76402
N         -1.54889       -3.26654       13.19296
N         -0.89606       -1.90535       16.55461
N          0.96864        2.03122       16.32881
C         -0.72238       -1.45910        7.84006
C         -0.36985       -0.73884        8.97403
C         -0.57641       -1.17550       10.28131
H          0.64420        1.33231        2.15048
H         -1.08738       -2.19446        0.82088
H         -1.47208       -2.97034        3.11920
H          0.33919        0.71959        4.48789
H         -1.30438       -2.63652        5.48476
H         -0.02112       -0.01514        6.46502
H          0.45405        0.98658       -0.02002
H          0.66055       -0.70949       -0.49793
H         -0.95601        0.03448       -0.52182
H          1.85420        0.84011        9.98695
H          2.28239        1.87494       11.35690
H          2.42551        0.11187       11.49453
H         -0.55007        1.97998        9.99168
H         -1.47381        1.95422       11.50010
H         -0.02091        2.96373       11.36421
H         -1.19386       -2.42984        7.96637
H          0.09681        0.22613        8.80635
H         -1.04250       -2.14849       10.40427