$coord
    2.23335335620988     -0.61742681519195     -3.79424426946466      o
    2.58428740282747     -0.61460885559491    -10.39285665876512      n
   -5.27783328997505      1.38137845874469     -8.50551083316593      n
   -6.30259265002882      1.57356284972868     -1.61238991857569      n
   -0.00320516447998     -0.01409112079350     24.37194163745664      n
   -0.13614323994993      0.00521035287082     -4.41573210609844      c
   -1.60314821296321      0.36452816944031     -2.13198239976136      c
   -0.04917369732456     -0.05513257071334     -0.06006097644637      c
    2.56777913334797     -0.72970829439362     -1.06111164356798      c
   -0.79258099434082      0.20500845041093     -6.93860624446476      c
    1.07721192117718     -0.25036490096374     -8.83641057032808      c
   -3.28036556418941      0.85732830260364     -7.75523570449495      c
   -4.19961603449957      1.03440546705693     -1.94577634634523      c
    0.45176964365501     -0.15603525302819     21.81969624182571      c
    2.87457465790006     -0.80226451792124     20.85623014862417      c
    4.43529001559786     -1.19991505098354     22.13768045681649      h
    3.30179279077132     -0.93972225136345     18.27503509362704      c
    5.19223360981742     -1.44404442265386     17.60648759628432      h
    1.38620255159564     -0.44976332142849     16.47768199450739      c
   -1.02263020562916      0.19353554516310     17.44850157897768      c
   -2.57908725447773      0.59083477813883     16.15158537423620      h
   -1.48714170562468      0.33970604987551     20.01872110464299      c
   -3.38045207379103      0.84616871394728     20.64770794145712      h
    2.02127789701069     -0.49195807120220     26.16067380599575      c
    2.80947245907103     -2.41443711799260     25.95227915534211      h
    1.28935087517415     -0.31705409179224     28.09256538964030      h
    3.59531261135269      0.86548870692762     25.94804616882294      h
   -2.49183519779673      0.67706071353416     25.29847964759380      c
   -3.06131833839864      2.58694530262176     24.67303472445506      h
   -2.48058924865647      0.66732163200567     27.37172917042918      h
   -3.96105436291024     -0.66489975900435     24.66536810556746      h
   -0.82925112978918      0.13553248046645      2.50777352587705      c
   -2.81209936735687      0.66015333389713      2.78671278659865      h
    0.62118283483726     -0.25947073526787      4.62836427861394      c
    2.61031176615276     -0.79136930194971      4.42542224372029      h
   -0.28658792721102     -0.02148429631087      7.15039181967643      c
   -2.27026480968436      0.51578789557896      7.41400955892479      h
    1.19915708183495     -0.42418946881132      9.24026677501104      c
    3.18014242738899     -0.96214763128439      8.93565615180424      h
    0.38742465808411     -0.19950027670287     11.80163179994680      c
   -1.58638275175814      0.33808976712112     12.12025474236770      h
    1.96068798622204     -0.61776148568862     13.81126255896098      c
    3.91733479312657     -1.14656316919743     13.37097092281433      h
    4.60271067955431      1.22615389822397     -0.40902989686696      c
    6.33420247686066      0.79580902450690     -1.47686556393158      h
    5.04895381915785      1.20087389801917      1.61938530674383      h
    3.97011597762305      3.13873115806655     -0.92158919536199      h
    3.38223465244439     -3.44179617427602     -0.44907224858472      c
    1.89759777879790     -4.79197695545665     -0.99090132605147      h
    3.77098948874763     -3.67006167307533      1.57856268710922      h
    5.10960193351114     -3.89645690992909     -1.51355610842209      h
$user-defined bonds
$end
