$coord
   10.99800535640755      6.26102736802723      5.92368857806803      c
   12.12643339090478      4.13256949646091      6.82518903986219      c
   12.30228582385669      4.18067530955245      2.75479096598363      c
   22.26444971032521      3.53168458787348     -1.60194785892885      c
   22.09704945541091      2.65832536060941      3.13796052775293      c
   22.94184660613694      1.69966087251793      0.53741996847277      c
    3.49671142648503      0.95240401441320     -0.18421050262852      c
    8.18512496524337      0.27913182381370     -0.09412102217140      c
   12.84212331896070     -0.19094548653669     -0.09245503961993      c
   17.48572937260542     -0.68519825217202     -0.08728512688818      c
   26.53332496318276     -0.77572293655564      0.22144982358562      c
   29.10683185641447     -1.24699814429643      0.23762852482899      c
   22.18815749824921     -1.03176041740029      0.01062328438220      c
    5.62882346145854     -0.51118093225973      0.23031452883624      c
   10.32091799773503     -1.21687061863674      0.10877414751436      c
   14.98740617810501     -1.71226326707045     -0.27064071741792      c
   19.70572028641546     -2.03105817456869     -0.26368180096398      c
   24.39701773621259     -2.44162404082975     -0.16142078351076      c
   10.18977610694654     -4.04117591600519      0.55712017434938      c
   14.72146067421634     -4.55066384262986     -0.60648322223163      c
   12.03038749370284     -5.46240227364941     -1.19027026678867      c
   11.72081596147367     -8.41050409635992     -1.17144424821731      c
   13.76607656170460     -9.63037200960293     -2.85531815971751      c
    9.11932203536364     -9.11212255677404     -2.28926184847000      c
   11.92203362127860     -9.52456303135073      1.51420674112680      c
   11.11408442922926      6.25069094407075      3.30913399882027      n
   12.99614072243301      2.79096259168032      4.79594235675657      o
   13.24219118968162      3.20150880478968     -0.28575493593529      s
   25.69734754222559      1.57614081410790      0.61177672305193      o
   30.14226136605834     -3.70684065674847     -0.15840534753369      c
   30.83081426004679      0.78958993583076      0.66590490433004      c
   24.44334928544571     -5.08621354915710     -0.63664381809850      c
   31.06612541372916     -5.67598082100813     -0.47093675779186      n
   32.25367050647350      2.42793769937215      1.01057791035152      n
   24.28810677252681     -7.24176177855560     -1.03103495154105      n
    0.99764273502846      0.00599175462335      0.61051589778158      c
    3.62181072901742      3.44763391622021     -1.43936489385144      c
    2.30616752735351      5.55294812296563     -0.46336594801878      c
    2.44733762776756      7.92556012161450     -1.57617331739724      c
    3.89946705467301      8.33399626653310     -3.79707167769233      c
    5.17783521955606      6.20870633184210     -4.81799168117870      c
    5.04226645634802      3.85563410132187     -3.65783986936431      c
   -1.22384181831049      0.63173298681843     -0.73216796191743      c
   -3.57789311593589     -0.32283495298008     -0.07225821371777      c
   -3.87061074777736     -1.97110547942927      2.02476349684757      c
   -1.64995200475488     -2.57859252417830      3.40658660814938      c
    0.68960414863159     -1.62001855396819      2.70630890842068      c
   -6.19760060038029     -2.92793731112508      2.69516765010773      n
    4.04932611580808     10.68236005544122     -4.91427927435198      n
    5.61068227963475     11.05073003809289     -7.13607563250149      c
    2.72502248828763     12.81563200431002     -3.81745936593308      c
   -6.41881647587168     -4.65702103043083      4.80971657047896      c
   -8.43217509761191     -2.23880030279150      1.26625294172546      c
   10.09417807483614      7.78422580400022      6.97105964503863      h
   12.44175290308722      3.32249001615128      8.68479519773278      h
   20.21267730284143      3.83592709243121     -1.71236493433596      h
   23.18735018664508      5.36161410873772     -1.25039946234814      h
   22.92800341741099      2.79998244344577     -3.43090606056503      h
   20.03518250891461      2.89353465805366      3.21762325534481      h
   22.66836525240848      1.32703163615397      4.62853019656768      h
   22.99330536029139      4.49661918724647      3.51435258677625      h
    8.48106420218210      2.27691834639656     -0.51679738727473      h
   17.58174805775117      1.33901760204463      0.27661395272525      h
    5.30406004296828     -2.42852540419691      0.92183278105946      h
   19.63445947014628     -4.05980426922391     -0.64219186502779      h
   10.68164498307566     -4.43500636770656      2.54981785345124      h
    8.25184854908733     -4.71512632931082      0.27401312265992      h
   15.43654040970662     -5.47967588220939      1.12299091449146      h
   16.01260395461970     -5.13959113121850     -2.12805517092916      h
   11.58923981162174     -4.85821639146748     -3.14193027542293      h
   13.41068124965199    -11.67231765226605     -3.06019262854620      h
   15.67765453437248     -9.42269942330151     -2.06196162177515      h
   13.76945274639886     -8.80055944218213     -4.76764427495813      h
    8.90367877324116    -11.18119975329886     -2.38635427599976      h
    7.53923282749095     -8.38609658270687     -1.14601590451174      h
    8.90187729732655     -8.36475647249931     -4.22256165602261      h
   10.39330546871972     -8.85355114216889      2.75839051630582      h
   11.78832434857719    -11.60202758830708      1.44093884674065      h
   13.73764109681691     -9.06353920989081      2.42513258991275      h
    1.17818811383827      5.32868336334477      1.25192598311161      h
    1.42878696289624      9.48402311474435     -0.69743895314428      h
    6.28332840396916      6.38679261004594     -6.54542132320756      h
    6.02587419544889      2.26453062473180     -4.53136784917131      h
   -1.08741493046926      1.86680393570667     -2.37993582121747      h
   -5.20571793955230      0.20778785959503     -1.21585621365304      h
   -1.75647133105733     -3.79186170276673      5.06665715143857      h
    2.32976264774559     -2.10113791200999      3.86483309912393      h
    7.61547590668772     10.58375905954617     -6.77536905620301      h
    4.97239723439701      9.88629005975651     -8.74980064258423      h
    5.51960541727751     13.03884664312343     -7.72064955901683      h
    0.66040731308828     12.50298777740221     -3.74037724833698      h
    3.37233872364756     13.23637669136876     -1.87468201494762      h
    3.06122007264016     14.50367635239466     -4.97478320260196      h
   -5.26611075190616     -6.37916491951650      4.54094328041740      h
   -5.82997838235613     -3.78030281498023      6.61334752875723      h
   -8.39640428282625     -5.24789965021575      5.01224626713222      h
   -8.76589657382334     -0.17658999305835      1.27956455049255      h
   -8.31162172024492     -2.84363587281508     -0.73086726342585      h
  -10.09510309577414     -3.15226821116031      2.10426125134877      h
$user-defined bonds
$end
