$coord
  -13.69369143367583      5.69834175678166     -0.42859113265445       c
  -11.32633965201681      6.92856423003713     -0.41307367155831       c
   -9.07701047699764      5.60421181039954     -0.25559865639485       c
   -9.06925642346253      2.94412036122374     -0.10111241628151       c
   -6.77021484976367      1.53319104965841      0.10093011872053       c
   -6.78261363732121     -1.04442339178527      0.25138893788286       c
   -9.08906749435750     -2.47443596631477      0.19601766513302       c
   -9.11866195247295     -5.17804815695421      0.32828845190479       c
  -11.49308160393868     -6.40134601000496      0.30018727108469       c
  -13.74762769493089     -5.07458068451146      0.17421147189711       c
  -13.77283408675281     -2.41816259282199      0.02648382119652       c
  -16.07020385407593     -1.00644557462221     -0.16011330074864       c
  -16.06981213796403      1.57065858783923     -0.31775098504752       c
  -13.75772970137820      2.99761767704928     -0.28177013110758       c
  -11.42178162716677      1.61517443190643     -0.11772895355821       c
  -11.42107059898232     -1.09438442288407      0.03202725441950       c
  -16.02408134374991      7.17101177797450     -0.56088823260514       c
   -6.77974279602707     -6.64126801378072      0.46388657687263       c
  -16.24334261651272      9.64544576362870     -1.20105852945881       c
   -6.58428107290411     -9.04081459986074      1.35336930166660       c
  -18.61196058918688     10.92897681760922     -1.21601073968602       c
   -4.45179163840769    -10.51472980354868      1.31190300116389       n
  -20.52708184533513     12.00959759106715     -1.22766389718049       n
  -11.26087142221957      8.98999888182326     -0.47445298651763       h
   -7.27808135158690      6.61968244264888     -0.22365113891336       h
   -4.98204772468378      2.56791167130861      0.14649584821719       h
   -4.98558951388432     -2.03419056197217      0.43833754525776       h
  -11.55919779774538     -8.46411484109691      0.31213360798320       h
  -15.54264506114226     -6.09896074999607      0.14117757767430       h
  -17.86009228718067     -2.03994230195702     -0.18550677986427       h
  -17.87521707737113      2.54665454588319     -0.48865022372953       h
  -17.77834459137115      6.19399473302863     -0.08544205641091       h
   -5.04374075097250     -5.74333501659538     -0.20919143424589       h
  -14.60745827298860     10.77717738821779     -1.76323570948682       h
   -8.23627215283486     -9.99701092530351      2.15281500037152       h
   -4.32152377439829    -11.95959549755763      2.55866794684127       h
   -2.78101251581588     -9.69314131084174      0.85782886399108       h
$end
