closed shell bands
    -14.4402706727        2.0000000000
    -14.4046823452        2.0000000000
    -10.3196748681        2.0000000000
    -10.3036644879        2.0000000000
    -10.3029406703        2.0000000000
    -10.3006164317        2.0000000000
    -10.2932417789        2.0000000000
    -10.2905242012        2.0000000000
    -10.2897806475        2.0000000000
    -10.2869281670        2.0000000000
    -10.2862068608        2.0000000000
    -10.2838324627        2.0000000000
    -10.2824335129        2.0000000000
    -10.2802297892        2.0000000000
    -10.2780405567        2.0000000000
    -10.2775671818        2.0000000000
    -10.2773512198        2.0000000000
    -10.2755421062        2.0000000000
    -10.2753904015        2.0000000000
    -10.2747707656        2.0000000000
    -10.2739494350        2.0000000000
    -10.2712857906        2.0000000000
    -10.2612986140        2.0000000000
     -1.0218210167        2.0000000000
     -0.9908508629        2.0000000000
     -0.9855022082        2.0000000000
     -0.9542897414        2.0000000000
     -0.9291156436        2.0000000000
     -0.9146788955        2.0000000000
     -0.8853693200        2.0000000000
     -0.8709052208        2.0000000000
     -0.8432053278        2.0000000000
     -0.8346924279        2.0000000000
     -0.8205676941        2.0000000000
     -0.7948717616        2.0000000000
     -0.7451790920        2.0000000000
     -0.7232692874        2.0000000000
     -0.7183253566        2.0000000000
     -0.7030167322        2.0000000000
     -0.6850206137        2.0000000000
     -0.6712215602        2.0000000000
     -0.6330409205        2.0000000000
     -0.6222599802        2.0000000000
     -0.6111651338        2.0000000000
     -0.6019250683        2.0000000000
     -0.5884609760        2.0000000000
     -0.5825586166        2.0000000000
     -0.5723867713        2.0000000000
     -0.5525936114        2.0000000000
     -0.5425550695        2.0000000000
     -0.5242755240        2.0000000000
     -0.5200609477        2.0000000000
     -0.5112003274        2.0000000000
     -0.4982059084        2.0000000000
     -0.4968382006        2.0000000000
     -0.4896582560        2.0000000000
     -0.4761858918        2.0000000000
     -0.4737852075        2.0000000000
     -0.4669632575        2.0000000000
     -0.4612139311        2.0000000000
     -0.4531996969        2.0000000000
     -0.4488433473        2.0000000000
     -0.4436206156        2.0000000000
     -0.4336270708        2.0000000000
     -0.4304865467        2.0000000000
     -0.4248424249        2.0000000000
     -0.4208483925        2.0000000000
     -0.4033536397        2.0000000000
     -0.3918781223        2.0000000000
     -0.3893224367        2.0000000000
     -0.3863676254        2.0000000000
     -0.3572043333        2.0000000000
     -0.3347379222        2.0000000000
     -0.3230576640        2.0000000000
     -0.2941299001        2.0000000000
     -0.2832140607        2.0000000000
     -0.2350382676        2.0000000000
     -0.0572413649        0.0000000000
     -0.0141489698        0.0000000000
     -0.0043736048        0.0000000000
     -0.0014012155        0.0000000000
      0.0107812179        0.0000000000
      0.0128418035        0.0000000000
      0.0183092935        0.0000000000
      0.0202820810        0.0000000000
      0.0238479776        0.0000000000
      0.0320169932        0.0000000000
      0.0360953316        0.0000000000
      0.0377380550        0.0000000000
      0.0433010937        0.0000000000
      0.0468484507        0.0000000000
      0.0501580026        0.0000000000
      0.0550759515        0.0000000000
      0.0569767596        0.0000000000
      0.0613308195        0.0000000000
      0.0663643122        0.0000000000
      0.0681771928        0.0000000000
      0.0704928212        0.0000000000
      0.0761055678        0.0000000000
      0.0785541071        0.0000000000
      0.0794860565        0.0000000000
      0.0830486784        0.0000000000
      0.0852432828        0.0000000000
      0.0901554343        0.0000000000
      0.0949918185        0.0000000000
      0.0959108145        0.0000000000
      0.0992356008        0.0000000000
      0.1021967943        0.0000000000
      0.1044980066        0.0000000000
      0.1084940605        0.0000000000
      0.1093610796        0.0000000000
      0.1103913047        0.0000000000
      0.1113002816        0.0000000000
      0.1145382461        0.0000000000
      0.1157207890        0.0000000000
      0.1184659515        0.0000000000
      0.1218420702        0.0000000000
      0.1256947567        0.0000000000
      0.1265698411        0.0000000000
      0.1278693022        0.0000000000
      0.1335546950        0.0000000000
      0.1367416875        0.0000000000
      0.1384291961        0.0000000000
      0.1420593573        0.0000000000
      0.1436194117        0.0000000000
      0.1479984050        0.0000000000
      0.1509727769        0.0000000000
      0.1517280569        0.0000000000
      0.1545076234        0.0000000000
      0.1566634047        0.0000000000
      0.1580591764        0.0000000000
      0.1639534351        0.0000000000
      0.1650896896        0.0000000000
      0.1673269233        0.0000000000
      0.1699344630        0.0000000000
      0.1757502446        0.0000000000
      0.1780826099        0.0000000000
      0.1808133377        0.0000000000
      0.1821448319        0.0000000000
      0.1860799622        0.0000000000
      0.1899387994        0.0000000000
      0.1915773451        0.0000000000
      0.1926577415        0.0000000000
      0.1966501517        0.0000000000
      0.1998403117        0.0000000000
      0.2023351353        0.0000000000
      0.2058532970        0.0000000000
      0.2086263646        0.0000000000
      0.2127179531        0.0000000000
      0.2158265823        0.0000000000
      0.2183939018        0.0000000000
      0.2205185074        0.0000000000
      0.2228692258        0.0000000000
      0.2259920918        0.0000000000
      0.2294467654        0.0000000000
      0.2353789391        0.0000000000
      0.2366471255        0.0000000000
      0.2399861201        0.0000000000
      0.2415320040        0.0000000000
      0.2442652432        0.0000000000
      0.2467656768        0.0000000000
      0.2474214693        0.0000000000
      0.2504524162        0.0000000000
      0.2518961561        0.0000000000
      0.2548692730        0.0000000000
      0.2567839722        0.0000000000
      0.2604544807        0.0000000000
      0.2611614960        0.0000000000
      0.2624336827        0.0000000000
      0.2658182620        0.0000000000
      0.2686261943        0.0000000000
      0.2696267859        0.0000000000
      0.2709550245        0.0000000000
      0.2749471694        0.0000000000
      0.2774484639        0.0000000000
      0.2796887476        0.0000000000
      0.2815636306        0.0000000000
      0.2850065520        0.0000000000
      0.2879940473        0.0000000000
      0.2904257781        0.0000000000
      0.2915198895        0.0000000000
      0.2935513280        0.0000000000
      0.2967834161        0.0000000000
      0.2994560286        0.0000000000
      0.3014588774        0.0000000000
      0.3033352814        0.0000000000
      0.3067791333        0.0000000000
      0.3081371551        0.0000000000
      0.3089212968        0.0000000000
      0.3129645475        0.0000000000
      0.3155038961        0.0000000000
      0.3167515394        0.0000000000
      0.3192486928        0.0000000000
      0.3222397484        0.0000000000
      0.3273892116        0.0000000000
      0.3300290776        0.0000000000
      0.3325279456        0.0000000000
      0.3365169942        0.0000000000
      0.3373666406        0.0000000000
      0.3403981408        0.0000000000
      0.3422704745        0.0000000000
      0.3431275932        0.0000000000
      0.3455441888        0.0000000000
      0.3504044867        0.0000000000
      0.3538498564        0.0000000000
      0.3563217327        0.0000000000
      0.3590302931        0.0000000000
      0.3615785398        0.0000000000
      0.3658388636        0.0000000000
      0.3703094093        0.0000000000
      0.3716528443        0.0000000000
      0.3750842297        0.0000000000
      0.3796434865        0.0000000000
      0.3814746759        0.0000000000
      0.3858025400        0.0000000000
      0.3902611294        0.0000000000
      0.3933355491        0.0000000000
      0.3944188270        0.0000000000
      0.3998033222        0.0000000000
      0.4022596802        0.0000000000
      0.4070806604        0.0000000000
      0.4095418979        0.0000000000
      0.4111262064        0.0000000000
      0.4128852421        0.0000000000
      0.4147593737        0.0000000000
      0.4185127136        0.0000000000
      0.4205628477        0.0000000000
      0.4238670794        0.0000000000
      0.4271697960        0.0000000000
      0.4337689580        0.0000000000
      0.4379422974        0.0000000000
      0.4395789224        0.0000000000
      0.4419419336        0.0000000000
      0.4469711353        0.0000000000
      0.4525596102        0.0000000000
      0.4559185001        0.0000000000
      0.4595818449        0.0000000000
      0.4629726943        0.0000000000
      0.4651471865        0.0000000000
      0.4707298430        0.0000000000
      0.4767039614        0.0000000000
      0.4821729546        0.0000000000
      0.4868076730        0.0000000000
      0.4907908748        0.0000000000
      0.4936718623        0.0000000000
      0.5000128444        0.0000000000
      0.5050514300        0.0000000000
      0.5125214262        0.0000000000
      0.5147587086        0.0000000000
      0.5187111421        0.0000000000
      0.5226250931        0.0000000000
      0.5254388170        0.0000000000
      0.5310314813        0.0000000000
      0.5345495602        0.0000000000
      0.5373385693        0.0000000000
      0.5449601563        0.0000000000
      0.5468568714        0.0000000000
      0.5516177824        0.0000000000
      0.5529374126        0.0000000000
      0.5597545864        0.0000000000
      0.5610545975        0.0000000000
      0.5637715976        0.0000000000
      0.5667664471        0.0000000000
      0.5717893629        0.0000000000
      0.5772232495        0.0000000000
      0.5773547271        0.0000000000
      0.5789557327        0.0000000000
      0.5823393117        0.0000000000
      0.5872127072        0.0000000000
      0.5928754744        0.0000000000
      0.5947554368        0.0000000000
      0.5975583935        0.0000000000
      0.6015202141        0.0000000000
      0.6058434711        0.0000000000
      0.6110470610        0.0000000000
      0.6124169986        0.0000000000
      0.6139484309        0.0000000000
      0.6167349510        0.0000000000
      0.6180880913        0.0000000000
      0.6201659239        0.0000000000
      0.6242924308        0.0000000000
      0.6268211241        0.0000000000
      0.6287003794        0.0000000000
      0.6313707407        0.0000000000
      0.6337455906        0.0000000000
      0.6381356246        0.0000000000
      0.6409661103        0.0000000000
      0.6437791791        0.0000000000
      0.6451477471        0.0000000000
      0.6480991219        0.0000000000
      0.6529569927        0.0000000000
      0.6557143620        0.0000000000
      0.6574189620        0.0000000000
      0.6615594346        0.0000000000
      0.6665666840        0.0000000000
      0.6669936044        0.0000000000
      0.6699418288        0.0000000000
      0.6720528326        0.0000000000
      0.6739893477        0.0000000000
      0.6800180830        0.0000000000
      0.6837008647        0.0000000000
      0.6877455372        0.0000000000
      0.6913965630        0.0000000000
      0.6966783359        0.0000000000
      0.7003457082        0.0000000000
      0.7060934213        0.0000000000
      0.7087189858        0.0000000000
      0.7127168342        0.0000000000
      0.7211095933        0.0000000000
      0.7225313226        0.0000000000
      0.7256779242        0.0000000000
      0.7307836249        0.0000000000
      0.7330184859        0.0000000000
      0.7388561809        0.0000000000
      0.7420066393        0.0000000000
      0.7480903466        0.0000000000
      0.7498541681        0.0000000000
      0.7573231597        0.0000000000
      0.7599237080        0.0000000000
      0.7641997174        0.0000000000
      0.7649378596        0.0000000000
      0.7704653350        0.0000000000
      0.7713314757        0.0000000000
      0.7771320439        0.0000000000
      0.7799464109        0.0000000000
      0.7833718188        0.0000000000
      0.7885428853        0.0000000000
      0.7926589503        0.0000000000
      0.7946506595        0.0000000000
      0.7975810403        0.0000000000
      0.8015289577        0.0000000000
      0.8037721932        0.0000000000
      0.8065211495        0.0000000000
      0.8077913962        0.0000000000
      0.8129733233        0.0000000000
      0.8139190193        0.0000000000
      0.8169335846        0.0000000000
      0.8210972185        0.0000000000
      0.8230092457        0.0000000000
      0.8260503191        0.0000000000
      0.8304106339        0.0000000000
      0.8320810232        0.0000000000
      0.8360190973        0.0000000000
      0.8386171309        0.0000000000
      0.8426125883        0.0000000000
      0.8458474552        0.0000000000
      0.8481059306        0.0000000000
      0.8563874227        0.0000000000
      0.8606647694        0.0000000000
      0.8619297486        0.0000000000
      0.8663984943        0.0000000000
      0.8696205961        0.0000000000
      0.8725018147        0.0000000000
      0.8779111260        0.0000000000
      0.8790974215        0.0000000000
      0.8810644883        0.0000000000
      0.8879840391        0.0000000000
      0.8932979524        0.0000000000
      0.8991994832        0.0000000000
      0.9047941422        0.0000000000
      0.9092507476        0.0000000000
      0.9135401872        0.0000000000
      0.9154548956        0.0000000000
      0.9193660581        0.0000000000
      0.9277165124        0.0000000000
      0.9287560859        0.0000000000
      0.9337405754        0.0000000000
      0.9369553208        0.0000000000
      0.9400120629        0.0000000000
      0.9503850936        0.0000000000
      0.9549734230        0.0000000000
      0.9603441440        0.0000000000
      0.9693853548        0.0000000000
      0.9754422674        0.0000000000
      0.9908705302        0.0000000000
      0.9939865180        0.0000000000
      1.0034754219        0.0000000000
      1.0186529916        0.0000000000
      1.0243766977        0.0000000000
      1.0434576466        0.0000000000
      1.0500213555        0.0000000000
      1.0576644560        0.0000000000
      1.0661566708        0.0000000000
      1.0732063554        0.0000000000
      1.0784594299        0.0000000000
      1.0795254857        0.0000000000
      1.0897140911        0.0000000000
      1.1026996629        0.0000000000
      1.1121174647        0.0000000000
      1.1207936294        0.0000000000
      1.1327744027        0.0000000000
      1.1400223617        0.0000000000
      1.1463123817        0.0000000000
      1.1488313190        0.0000000000
      1.1566211273        0.0000000000
      1.1622418245        0.0000000000
      1.1693689522        0.0000000000
      1.1714597707        0.0000000000
      1.1790515258        0.0000000000
      1.1925883160        0.0000000000
      1.1953420085        0.0000000000
      1.1987768302        0.0000000000
      1.2175186485        0.0000000000
      1.2415573884        0.0000000000
      1.2468998481        0.0000000000
      1.2539182771        0.0000000000
      1.2599796439        0.0000000000
      1.2732934800        0.0000000000
      1.2847828601        0.0000000000
      1.2912461906        0.0000000000
      1.2994942385        0.0000000000
      1.3018214387        0.0000000000
      1.3152035941        0.0000000000
      1.3204821664        0.0000000000
      1.3288348016        0.0000000000
      1.3343336374        0.0000000000
      1.3384287628        0.0000000000
      1.3463559530        0.0000000000
      1.3524134328        0.0000000000
      1.3546257312        0.0000000000
      1.3592833688        0.0000000000
      1.3708046188        0.0000000000
      1.3726127758        0.0000000000
      1.3792600893        0.0000000000
      1.3879147501        0.0000000000
      1.3911537375        0.0000000000
      1.3994905923        0.0000000000
      1.4052921297        0.0000000000
      1.4096332148        0.0000000000
      1.4141113493        0.0000000000
      1.4153183262        0.0000000000
      1.4251243704        0.0000000000
      1.4295677293        0.0000000000
      1.4476526202        0.0000000000
      1.4498697948        0.0000000000
      1.4555972113        0.0000000000
      1.4657457272        0.0000000000
      1.4702765526        0.0000000000
      1.4791499108        0.0000000000
      1.4870980748        0.0000000000
      1.4925025961        0.0000000000
      1.5005045138        0.0000000000
      1.5034713946        0.0000000000
      1.5107415466        0.0000000000
      1.5185861375        0.0000000000
      1.5219096799        0.0000000000
      1.5241344246        0.0000000000
      1.5307665055        0.0000000000
      1.5339634271        0.0000000000
      1.5393559791        0.0000000000
      1.5491241354        0.0000000000
      1.5582426791        0.0000000000
      1.5595455236        0.0000000000
      1.5668944960        0.0000000000
      1.5702619382        0.0000000000
      1.5758648157        0.0000000000
      1.5783854524        0.0000000000
      1.5849689226        0.0000000000
      1.5892236020        0.0000000000
      1.5931316451        0.0000000000
      1.5997525307        0.0000000000
      1.6032462364        0.0000000000
      1.6086995728        0.0000000000
      1.6110393850        0.0000000000
      1.6202844558        0.0000000000
      1.6251349423        0.0000000000
      1.6341582350        0.0000000000
      1.6384989461        0.0000000000
      1.6409090166        0.0000000000
      1.6471171360        0.0000000000
      1.6491509483        0.0000000000
      1.6540449335        0.0000000000
      1.6560929568        0.0000000000
      1.6675628554        0.0000000000
      1.6713432296        0.0000000000
      1.6782251211        0.0000000000
      1.6796055680        0.0000000000
      1.6854723809        0.0000000000
      1.6922019986        0.0000000000
      1.6971962123        0.0000000000
      1.7046425740        0.0000000000
      1.7096195901        0.0000000000
      1.7149551749        0.0000000000
      1.7183310136        0.0000000000
      1.7213472704        0.0000000000
      1.7307855414        0.0000000000
      1.7392826013        0.0000000000
      1.7497730878        0.0000000000
      1.7507238503        0.0000000000
      1.7573878402        0.0000000000
      1.7638326369        0.0000000000
      1.7641880531        0.0000000000
      1.7787571933        0.0000000000
      1.7844749145        0.0000000000
      1.7868169421        0.0000000000
      1.8012141551        0.0000000000
      1.8054604484        0.0000000000
      1.8112917129        0.0000000000
      1.8157867361        0.0000000000
      1.8229949575        0.0000000000
      1.8277701642        0.0000000000
      1.8310710089        0.0000000000
      1.8426466519        0.0000000000
      1.8461632500        0.0000000000
      1.8542503392        0.0000000000
      1.8616816894        0.0000000000
      1.8651392433        0.0000000000
      1.8710582898        0.0000000000
      1.8715784585        0.0000000000
      1.8848339367        0.0000000000
      1.8873750309        0.0000000000
      1.8968403944        0.0000000000
      1.9000929847        0.0000000000
      1.9078508295        0.0000000000
      1.9115465076        0.0000000000
      1.9147442869        0.0000000000
      1.9232320186        0.0000000000
      1.9249973779        0.0000000000
      1.9320791234        0.0000000000
      1.9411235318        0.0000000000
      1.9454569192        0.0000000000
      1.9531337801        0.0000000000
      1.9584498785        0.0000000000
      1.9622962912        0.0000000000
      1.9688432395        0.0000000000
      1.9731997675        0.0000000000
      1.9781811824        0.0000000000
      1.9801551410        0.0000000000
      1.9878194686        0.0000000000
      1.9964904146        0.0000000000
      2.0013153030        0.0000000000
      2.0084679799        0.0000000000
      2.0184428106        0.0000000000
      2.0210184079        0.0000000000
      2.0290894491        0.0000000000
      2.0370759889        0.0000000000
      2.0467932709        0.0000000000
      2.0488275669        0.0000000000
      2.0525845887        0.0000000000
      2.0608509562        0.0000000000
      2.0659138927        0.0000000000
      2.0720423663        0.0000000000
      2.0795782112        0.0000000000
      2.0838023274        0.0000000000
      2.0965515423        0.0000000000
      2.1033239122        0.0000000000
      2.1083566574        0.0000000000
      2.1095107992        0.0000000000
      2.1181553992        0.0000000000
      2.1233644787        0.0000000000
      2.1311830725        0.0000000000
      2.1347996920        0.0000000000
      2.1419334777        0.0000000000
      2.1458996629        0.0000000000
      2.1549306547        0.0000000000
      2.1651678464        0.0000000000
      2.1686798527        0.0000000000
      2.1728126501        0.0000000000
      2.1790255525        0.0000000000
      2.1872154247        0.0000000000
      2.1984577128        0.0000000000
      2.2021727187        0.0000000000
      2.2090945594        0.0000000000
      2.2177209097        0.0000000000
      2.2244675176        0.0000000000
      2.2259728317        0.0000000000
      2.2341257175        0.0000000000
      2.2490892143        0.0000000000
      2.2548229055        0.0000000000
      2.2598986272        0.0000000000
      2.2638183407        0.0000000000
      2.2725645540        0.0000000000
      2.2884043568        0.0000000000
      2.2905992188        0.0000000000
      2.3085807044        0.0000000000
      2.3190759456        0.0000000000
      2.3264157034        0.0000000000
      2.3383169818        0.0000000000
      2.3591455534        0.0000000000
      2.3609093351        0.0000000000
      2.3750319960        0.0000000000
      2.3828389745        0.0000000000
      2.3863036208        0.0000000000
      2.3896719688        0.0000000000
      2.3990558328        0.0000000000
      2.4075266134        0.0000000000
      2.4189414205        0.0000000000
      2.4210253611        0.0000000000
      2.4271992553        0.0000000000
      2.4341533317        0.0000000000
      2.4409579676        0.0000000000
      2.4608485852        0.0000000000
      2.4779732413        0.0000000000
      2.4828112168        0.0000000000
      2.4967535220        0.0000000000
      2.5092312991        0.0000000000
      2.5147211557        0.0000000000
      2.5256722007        0.0000000000
      2.5309280298        0.0000000000
      2.5597147817        0.0000000000
      2.5746812347        0.0000000000
      2.5831714041        0.0000000000
      2.5853838184        0.0000000000
      2.5957143391        0.0000000000
      2.6160240350        0.0000000000
      2.6319524634        0.0000000000
      2.6440713044        0.0000000000
      2.6611654252        0.0000000000
      2.6679113138        0.0000000000
      2.6763439024        0.0000000000
      2.7126178792        0.0000000000
      2.7373751363        0.0000000000
      2.7571404638        0.0000000000
      2.7708367802        0.0000000000
      2.7946993486        0.0000000000
      2.8190939528        0.0000000000
      2.8268397459        0.0000000000
      2.8461767810        0.0000000000
      2.8546852137        0.0000000000
      2.8635229941        0.0000000000
      2.8934972531        0.0000000000
      2.9050802198        0.0000000000
      2.9189030393        0.0000000000
      2.9433206177        0.0000000000
      2.9729983087        0.0000000000
      2.9858405200        0.0000000000
      2.9956268794        0.0000000000
      3.0326085462        0.0000000000
      3.0644067811        0.0000000000
      3.0735398915        0.0000000000
      3.0976082708        0.0000000000
      3.1512187184        0.0000000000
      3.1637002594        0.0000000000
      3.1944849269        0.0000000000
      3.2364850434        0.0000000000
      3.3260135436        0.0000000000
      3.3370122731        0.0000000000
      3.3505798159        0.0000000000
      3.4153802261        0.0000000000
      3.4793966598        0.0000000000
      3.5203727866        0.0000000000
      3.5269942718        0.0000000000
      3.5888618065        0.0000000000
      3.6241749433        0.0000000000
      3.6389318240        0.0000000000
      3.7069274259        0.0000000000
      3.7496152543        0.0000000000
      4.0207345843        0.0000000000
      4.1012121117        0.0000000000
      4.2621213609        0.0000000000
      4.3013722979        0.0000000000
      4.4405226980        0.0000000000
      4.7129260685        0.0000000000
      4.8177001661        0.0000000000
      4.9731111622        0.0000000000
