$coord
   -2.12497438741919      9.18582012750482     -4.70322947763114  c
    1.38069152466525      5.85455921730336     -9.80418102724691  c
    0.62744489093319      8.28110722783141     -4.90274931801236  c
    0.82834687185664      4.24365696435525     -7.46745349612842  c
    0.81956576957646      4.10581202520741     -2.84265857084856  c
    0.71743752162069      1.42078151427772     -2.91780699135521  c
    0.80469191707991      5.22629257667766     -0.39146630519611  c
    0.66684994319957     -0.00328205088925     -0.71504977538723  c
    0.75187427153979      3.77643937933827      1.78398136678714  c
    0.68800567510057      1.10333447149476      1.71253974610317  c
    0.62777531412939     -0.49028529747396      3.93962753701384  c
    0.61104826491138      0.26850984852175      6.40794501414340  c
    0.51859317430761     -1.34857376313371      8.59326158946950  c
    0.42370064640076     -0.27777946571204     10.96930218327390  c
    0.46073395825155     -4.19469908332239      8.33340263200124  c
    0.70636908584109     -8.44517862311243     10.44831272049223  c
    0.24426121074033     -1.68501159962538     13.26598645141851  c
    1.38079992404601     -5.63097853179836     10.70744085001466  c
    0.19274570629103     -0.40684352067603     15.55561850498121  c
    0.02580874903798     -4.52645133538174     13.05062444434385  c
    4.26851340584266     -5.37066898727799     10.99353955085761  c
   -0.01668101805041     -1.50056739284789     17.98642732679927  c
   -0.08718335742457     -0.08369838427800     20.18039465154905  c
   -0.29299425509058     -0.98711080451369     22.68664524956850  c
   -0.34605737796971     -3.74030968099001     23.58444073594247  c
   -0.49265139210998      0.51350296910869     24.84207828878136  c
   -0.73409954324772     -1.09700625066562     27.02723568489532  c
   -0.99041382449657     -0.55881794100430     29.56869598837124  c
   -2.33586044681180     12.06498476851123     -4.56967842908964  c
    1.39173313030486      4.24142904429233    -12.20587322358874  c
    0.93994236567854      5.54235773867046     -5.02052803551731  n
    2.32577930860762     -4.95663986021620     23.36448567469470  c
   -0.48540463755949      3.19775655803560     24.78743122422612  c
   -2.49662785976622     -5.32441354091139     22.47374349047352  c
   -0.73174463148216     -3.53406243638722     26.28069877983770  o
   -1.03408686267030      1.96656933631347     30.52117348916719  c
   -1.22904293573162     -2.57535824815982     31.35322089666213  c
    2.96827227008125     -5.38407775522087     20.94092149336983  f
    4.06547034924377     -3.42238077594103     24.36025369379755  f
    2.43891487470804     -7.15753411374723     24.59127448584676  f
   -0.47274622521866      5.38337999748566     24.56648692676414  n
   -2.18019422082811     -7.75559670444074     21.46506211278358  c
   -4.26587296959132     -9.10162558513562     20.55319931878002  c
   -6.68433221775781     -8.05357235952114     20.65290056717783  c
   -7.01601061282973     -5.63699684275237     21.67157283531611  c
   -4.93898540615317     -4.28597225126871     22.56881118258984  c
   -1.08045717162271      3.98861432282611     31.37859760260210  n
   -1.43157616071890     -4.18676057338221     32.83215874898451  n
   -3.19424778446209      8.46960361521394     -6.34645028076719  h
   -3.00965374694120      8.32505355761209     -3.02286869198533  h
   -0.03816413891184      7.36725670090271    -10.00790379211225  h
    3.23067292021635      6.79343542541886     -9.58982031974854  h
    1.73257893792524      9.02133595703554     -3.30268778014414  h
    1.50611816527565      9.12053071157946     -6.58451299990151  h
    2.22640044428926      2.69721102085638     -7.43686221991004  h
   -1.03964866249025      3.32148547875095     -7.71323421134191  h
    0.66790619873568      0.42305294370582     -4.71483809818937  h
    0.83861966536465      7.27259743102524     -0.18108291775059  h
    0.59488305109575     -2.06408900847104     -0.87484743802350  h
    0.75526402773167      4.75686080879329      3.60085752015209  h
    0.58165383794427     -2.52031692880037      3.54084280374636  h
    0.63673953716915      2.29538644729557      6.82229784157299  h
    0.47919212318021      1.78497477210536     11.12328197668790  h
   -1.50253102191483     -4.77130621308273      7.89852814465790  h
    1.59735872963685     -4.79133830137179      6.69332738193395  h
    1.34560884665857     -9.52329466825395     12.11239399969423  h
    1.61603578365688     -9.27941243601858      8.76982979663289  h
   -1.35038901063142     -8.72330697554948     10.26123300707484  h
    0.31259812070263      1.65962422592472     15.47791505013624  h
   -2.00743631242765     -5.00434582709675     12.93154419123436  h
    0.73736158469274     -5.46147968064953     14.76698187513144  h
    4.86391471092793     -3.38520889227926     11.16415605966982  h
    4.93591748827645     -6.38047442871192     12.68928704753212  h
    5.24818318303511     -6.18879948513850      9.34708464948870  h
   -0.14079169061277     -3.55401157110878     18.12683528968302  h
   -0.00834291617501      1.97664239486888     19.99968093566309  h
   -4.32132660113001     12.67364669431064     -4.43752780979070  h
   -1.33669790271929     12.82675046853264     -2.90557201913466  h
   -1.51272308811691     12.97208683620169     -6.25725597122799  h
    1.76344068440195      5.40920344736928    -13.88704670087082  h
    2.85980105980744      2.76412403457530    -12.12802756835151  h
   -0.44024369139991      3.29040170761673    -12.49344023776714  h
   -0.32433910595277     -8.64098219643602     21.38537630307512  h
   -3.98641935706525    -10.99544953911426     19.77740362484514  h
   -8.30868934439612     -9.11730173780563     19.94818028890562  h
   -8.90050066153923     -4.79788450169690     21.77049314961327  h
   -5.22491805168074     -2.40001301619851     23.35923677671166  h
$user-defined bonds
$end
