$dipgrad          cartesian dipole gradients
  0.10629591164571D-01  -.26724444433749D-01  0.17193429047036D+00
  -.27561349974999D-01  -.13127004926101D-01  0.27866653532805D+00
  -.27857874940905D-02  -.43428265612590D-01  0.21925252665531D+00
  0.12706813348909D+00  -.30276617263793D-02  -.65028732943793D-01
  0.12124257338006D-02  0.16962298534554D+00  -.17642188711439D+00
  0.92271046587673D-02  -.14261720847296D-01  0.12047430671812D+00
  0.29140477972616D+00  -.46660444471754D-01  -.27003626265642D+00
  -.85667346364615D-01  0.92177969818439D+00  -.10423902976309D+01
  0.21760735462170D-01  0.55390505317276D-01  -.21440408605746D-01
  0.27058423298258D+00  0.64863080393553D-01  -.63483271193266D-01
  0.14220645626502D-02  0.29753989769001D-01  0.84915553809474D+00
  -.42652800856625D-01  -.78466309330992D-01  0.15631001197264D+01
  0.12973256676827D+00  0.10510167594076D+00  -.29559870762860D+00
  0.50492880887919D-01  0.83957294250753D+00  -.22245870098482D+01
  -.25713677375506D-01  -.13287505146835D+01  0.31371010477536D+01
  -.17479571926965D+00  0.68319886127096D-02  -.74957910518603D-02
  -.45592365373616D-01  -.69265370544213D+00  0.20448370316879D+01
  0.16942029154976D-01  0.21429298498866D+00  -.75625079859936D+00
  -.16018830709888D+00  0.56887124568001D-02  0.25246408266863D-01
  -.10689905478339D-01  0.46366374490174D-01  -.11343414218894D+00
  0.49747817163630D-01  0.73606399589045D+00  -.20266585587489D+01
  -.81157780847138D-01  0.14577055622309D-01  -.31809961333347D-02
  -.39391595530839D-02  0.13711209730125D+00  0.13971888865546D+00
  -.62445045467728D-01  -.40123582452208D+00  0.19562465166417D+01
  -.70143274961408D-01  0.95588731344184D-02  -.29033726977856D-01
  0.66786483780750D-01  0.60219305206586D+00  -.15013779341959D+01
  -.53915737485976D-02  -.26563587550765D+00  0.55767660570835D+00
  -.49406419446716D-01  -.24431215058987D-01  0.86391622163467D-01
  -.49839862518937D-01  -.71475675641042D+00  0.14924343648897D+01
  0.77319310730997D-01  0.52952960187306D+00  -.23411508579545D+01
  -.54408450818298D-01  0.31539370297985D-01  -.10052024868572D+00
  0.16451842973076D-01  0.39154377267965D+00  -.71417661598911D+00
  -.15488041028889D+00  -.96262261273386D+00  0.37975147550568D+01
  -.13299759982463D+00  -.39888212335433D-02  0.22477775518134D-01
  0.23688882617593D-01  -.14975143282091D+00  0.16342212749231D+00
  0.17690325799195D+00  0.85448737483809D+00  -.36687619121867D+01
  -.29470038589270D-01  0.91363136162344D-01  -.28270572090370D-01
  -.41321408554099D-01  0.49045159631045D+00  -.44253485006483D-01
  -.21996673904651D+00  -.67984356511478D+00  0.39692813179948D+01
  -.14755676553768D+00  -.29617267466981D-01  0.21245804776531D+00
  0.18980258746807D-01  -.15627115110947D+00  0.15027796161422D+00
  0.23183355656215D+00  0.61132387069394D+00  -.40654665180540D+01
  0.10870485696046D+00  -.61229516108302D-01  -.13571730376678D+00
  -.16374635347186D-01  -.95528486176546D-01  0.11270161553557D+00
  0.32051413670584D-02  0.26865151072066D-02  -.22909688373978D-01
  0.45001946187885D-01  0.31598953993408D-01  0.30869179508202D-01
  -.68609432329726D-02  0.16060712892143D-01  0.36478014170589D-02
  -.84271480531310D-02  0.33554569855787D-02  0.79510200065104D-01
  -.12304961511532D-01  0.11896839119009D+00  -.55696068296367D-01
  -.38032879268944D-01  0.42771879660153D+00  0.16824477145332D+00
  -.27843536898582D+00  -.45489022219291D+00  0.44124232335875D+01
  0.13092066924765D+00  -.60568923371420D-01  -.26878395980856D-01
  -.33279397099204D-01  0.20592348703114D+00  0.46413418130452D-01
  0.85587725117125D-02  0.91435336653463D-02  0.76775812790448D-02
  -.14932952669309D+00  -.21841151234251D-01  0.27338644457607D+00
  0.24508229289236D-01  -.58155816714126D-01  -.26937584660888D-01
  0.29308917962186D+00  0.30439563304836D+00  -.45586251475163D+01
  0.81396859542609D-01  -.77784077273274D-01  -.88434450498157D-01
  -.10798133415667D-01  -.77122973339883D-01  -.74380932471436D-01
  -.31455027213317D-02  -.43786305481890D-03  -.27334981195944D-02
  -.13764731760697D-01  -.99122517426069D-02  -.25548994226704D-01
  -.26976974861284D-01  -.87734320781379D-02  0.39345493372610D-02
  -.14888763476418D-01  0.35382553117894D-02  0.60845102353370D-01
  -.11683169047702D-01  0.15805947224048D-02  -.31853265938940D+00
  0.96126890328177D-03  0.83928381409757D-01  0.11001640057624D+00
  -.33085696075433D+00  -.25068467709301D+00  0.46715665744733D+01
  -.14457832153323D+00  -.26556864790318D-01  0.26624987681039D+00
  0.16291883497034D-01  -.18075336490222D-02  -.22426377150522D+00
  0.34067622640971D+00  0.17263360784466D+00  -.47117549060351D+01
  -.24748497630632D-01  -.16386604872072D-01  -.42245428755856D+00
  -.23241335884571D-02  0.96567210559118D-01  0.78853216027714D-01
  -.42837046222842D+00  -.17007096424922D+00  0.49013002070290D+01
  0.37797939296733D+00  0.22277920322359D+00  -.76408454584328D-01
  0.21503218909815D+00  0.38221907342549D+00  -.23660041336358D+00
  0.18319544056848D+00  0.29488953582326D+00  0.49110685698823D+00
  -.45352207695983D-01  -.25979508781591D-01  0.31266527326518D+00
  0.63970465490898D-02  -.16337005190823D+00  -.68970981133346D+00
  0.29164557792308D+00  0.24593352553375D+00  -.35644080073773D+01
  0.18321441850177D+00  -.59322199512299D-02  -.34065363511355D+00
  0.21806317021340D+00  0.10152781513500D+01  -.10975424450504D+01
  -.22060876513271D+00  0.65917638704301D-01  0.37189248102648D+01
  -.30567152099477D-01  0.86488162913390D-02  0.19654458940955D+00
  -.28733190725408D-01  -.74748696950069D-01  0.23173806201208D-01
  0.10641599418995D+00  -.10344023955056D+00  -.19722647471745D+01
  0.62533960271889D-01  0.12769389849064D+00  -.17457479914445D+00
  0.17418399972470D-01  0.93976960807270D-01  -.50208447812250D-01
  0.20669048456325D-02  -.15708582311964D-01  0.12960432286849D+00
  0.95994919314327D-01  -.63081027726580D-02  0.52531651435531D-01
  -.14013138880173D-01  0.53238083397312D-01  0.20861583390094D+00
  0.36333571743891D-02  0.83999288697389D-02  0.25716510108183D-01
  -.31546860435010D+00  -.19668199092295D+00  0.81711913178929D+00
  0.32153544499873D-01  -.12834366703053D+01  0.21425361857421D+01
  0.70776328506270D-01  0.10636726635751D+01  -.36300867443373D+01
  0.15386473386300D+01  -.21209586523907D+00  0.49366181639205D+00
  0.75007810143197D-01  0.14995132920577D+01  -.66869312581859D+00
  0.12873007337892D+00  -.12130670831326D+00  0.11614463310563D+01
  0.15519678671648D+00  0.50216964928209D-02  -.30323438866278D-02
  -.48354688997577D-01  0.29718634703460D+00  0.93521215936059D+00
  0.77920892769903D-02  0.29260571624066D-01  -.31389015455182D-01
  -.51815798191320D-01  0.57062310549328D-01  -.85982151005867D-01
  0.21530753567163D-01  -.68646420329840D-01  0.33886865058848D-01
  0.93247041361583D-01  0.10457832578258D+00  -.16916501586256D+00
  -.31621780320384D+00  -.46669526525148D-01  0.52433343822807D-01
  -.18771421983081D+00  -.11804499039796D+01  0.10247884746096D+00
  -.13250267803783D+00  -.46642471851489D+00  -.98488989875456D+00
  0.15328518213371D+00  -.82935893163279D-02  -.13336992348707D-02
  -.44830550186363D-01  0.34975331238070D+00  0.88902400204741D+00
  -.29427030453520D-02  0.16641224295211D+00  0.32106303770269D+00
  0.14065287627767D+00  0.18373273838074D-01  -.76428347265322D-01
  0.54151316196891D-01  0.15793803789380D+00  -.86854329346229D+00
  -.31920446358513D-01  -.19702407129247D+00  0.67974162130714D+00
  -.43473763461470D+00  0.12408092041792D+00  0.53277229864329D-01
  0.14102562841120D-01  -.33432706241365D+00  0.25494190146064D-01
  0.36728984735064D-01  -.36364736502215D-01  -.60907777140162D+00
  -.72839134909022D+00  -.15862174775145D+00  -.26088498867704D+00
  -.18780609967972D+00  -.43562769748899D+00  0.43565029212910D-01
  -.17917508185088D+00  -.91061764140846D-01  -.27436965582358D+00
  -.39365380889253D+00  0.18399540652399D+00  -.19693100725547D+00
  0.12610441858874D-01  -.80192955837109D+00  0.48769243933133D+00
  -.60347681705367D-01  0.27215294592565D+00  -.42174829479870D+00
  -.25780771846429D+00  -.12675679189382D-01  -.19515280348134D-01
  0.15456626352066D-01  -.33714942443997D+00  -.59269824517210D+00
  -.62861026214069D-02  0.42180818379309D-01  -.10883321744105D+00
  -.25191798702498D-01  -.13992947383627D+00  0.74583503265384D-01
  0.33520915469151D-01  -.28370927775846D-01  -.35420043483829D-01
  0.45696415741238D-01  0.96264811913568D-02  -.97762267548453D-01
  -.11814038776457D+00  -.27660540048156D-01  0.17797391311964D-01
  -.31502344203402D-01  0.86612887271746D-01  0.51076571836595D-01
  -.11095348375716D-01  0.81542945688892D-01  -.71760857401902D-01
  0.50384052191339D-01  0.57758750146867D-01  0.52672867464106D-01
  0.59401563084334D-01  -.18849540368526D-01  0.47551320904559D-01
  0.41635540193655D-01  0.36841381174952D-01  -.57362285995326D-01
  0.10557063891042D+00  -.74305747569983D-01  -.67869645807679D-01
  -.70539381768100D-01  -.78182348950679D-01  0.24064670067048D-01
  -.97561634418273D-02  -.98038796568964D-03  -.90970606620146D-01
  -.94568656712906D-01  0.24321810190770D-01  0.48874469251484D-01
  -.61167154668796D-01  -.45262807264870D-01  -.10404033984309D-01
  -.57165186393820D-02  0.39976283939657D-01  -.55099267186014D-01
  -.27131534160947D+00  -.32129108311591D-02  -.75542631306702D-03
  0.20678304783645D-01  -.35238086266583D+00  -.54435530580863D+00
  0.83643466563617D-02  -.73162618899639D-01  -.52598565328698D+00
  -.28952592676665D+00  -.10303677252397D-01  0.54098928650422D-01
  -.30993027081927D-01  -.30580292447532D+00  0.49271515967793D+00
  0.22735517546830D-01  0.70444731081143D-01  -.75445083519854D+00
  -.99348696854672D-02  -.21195447930461D-01  -.71482581594500D-01
  -.19219339633190D-01  -.41404055766555D-01  -.65309924048246D-01
  -.78362999161313D-01  -.46831413177178D-01  -.94999285328006D-01
  0.10570128302674D-01  -.34195170506495D-01  0.79353666254050D-01
  -.19937986909262D-01  -.40765954858794D-01  0.53470982037527D-01
  0.70561526108025D-01  0.54826870682924D-01  -.75290059860598D-01
  -.42259319805552D-01  0.92870524484436D-01  0.22841130267195D-01
  0.72886685864714D-01  -.90175441768529D-01  0.45596888487188D-01
  0.57782293092831D-02  0.70514551869234D-02  -.21376477461067D-01
  -.69626013805121D-01  -.88370966378732D-01  -.19310048766326D-01
  -.71650202605758D-01  -.24238635913407D-01  0.14516026508926D-01
  -.32425908413624D-01  -.29764000051088D-01  -.64498515558075D-02
  -.25908723657811D-01  0.42971137445411D-02  -.39538048369329D-01
  -.30380368494376D-02  -.44463634472759D-01  0.38145832236611D-01
  -.79372089280330D-01  -.12786560180683D+00  0.34433419192546D-01
  -.41753320376687D-02  0.22602269793448D-01  0.40384935862516D-01
  -.11597940196001D-01  -.48201357379135D-01  0.25034508142702D+00
  0.61935194216455D-01  0.12244175402362D+00  -.91312683925413D-01
  -.39777951950125D-01  0.67513603791408D-01  0.36015526222009D-01
  0.78750075533379D-01  -.39436637762783D-01  -.18160225519265D+00
  -.29922184966923D-02  0.18166464249091D-01  -.46844675368929D-01
  -.10952716652024D+00  -.56103893315823D-01  -.17060277730216D+00
  -.53475603775071D-01  0.30708077715902D-01  -.27180144301062D+00
  0.13025999835219D-01  0.54041194719464D-01  -.26273881086507D+00
  0.11466830564699D+00  -.62511547249018D-02  -.84125529774640D-02
  0.74257875271387D-03  0.58806669676957D-01  -.74098442028994D-01
  0.11721100417137D-02  -.32167502873743D-01  -.12201174500397D+00
  0.11084756030250D+00  -.35423364316833D-02  -.11565438370714D-02
  -.28658688843530D-02  -.89685201495478D-01  0.92996177445231D-01
  0.95755290907910D-02  -.16388675626680D-01  0.64870825449199D-01
  0.95579249143924D-01  -.91742015372757D-02  0.10541635733737D-01
  -.14338374599992D-02  -.82228085812027D-01  -.43641290933034D-01
  -.33512471917886D-02  0.93650291874031D-02  0.11583913270376D+00
  0.94168150449857D-01  0.44556691614086D-02  -.70316744716979D-02
  0.10470391097746D-02  0.51988694109686D-01  -.76155536608569D-01
  -.55927488319663D-02  -.67615144489967D-01  0.15853003506869D-01
  0.91090087036891D-01  -.68858560523952D-02  -.14034740102428D-01
  -.19715879827582D-02  -.79409359864764D-01  0.10320066816658D-01
  0.30173390245532D-02  -.56372573070135D-01  0.98643050338178D-01
  0.98283659174355D-01  -.10262012148914D-01  0.26352185922474D-01
  -.47835985380505D-02  -.99127833475425D-01  0.83184823807420D-01
  -.20526893944758D-02  -.18867069161728D-01  0.31949272250288D-01
  0.10817078988168D+00  -.32705086864608D-02  -.20322469557175D-01
  -.51838974529439D-02  -.97064508329915D-01  0.63506538320344D-01
  0.65090296558259D-02  -.10413509223146D-01  0.62972997370686D-02
  -.92448648922820D-01  -.20598121661440D-01  -.26995263764632D-01
  -.10194420930715D-01  -.38102507931415D-01  -.12247178399805D+00
  -.20383498150079D-01  0.14111150570374D-01  -.57739588351611D-01
  0.75449316421716D-02  0.41055523051978D-01  0.13418679663452D+00
  0.17958423627776D-01  0.83778798890137D-02  -.42852393752085D-01
  0.56527237361552D-01  -.39072048073147D-01  -.80829323073924D-01
  0.39563706611310D-01  0.21446751406566D-01  -.45441246672714D-01
  0.14070461944388D-01  -.27101834316698D-01  0.14569900708740D-01
  -.51392385464391D-01  0.11406934828882D+00  -.39788241890892D-01
  0.18997463545519D-01  0.40205835745875D-01  0.63585540883654D-01
  0.12269559857532D-01  -.79751280691137D-02  -.28447457838342D-01
  0.70506497633110D-01  -.10919695510501D+00  -.72909462541023D-01
  -.13841283935622D+00  -.46870568734723D-01  -.17863658243450D-01
  0.21078084139521D-03  0.27852717814899D-01  0.94235396692860D-02
  -.14401504567103D-01  -.68139477733873D-03  0.43552666062530D-01
  0.10399021296293D+00  -.90314767652333D-02  -.41595436205920D-02
  -.14574840587574D-01  -.81818009248767D-01  0.42407380664210D-01
  0.17464969020970D-01  -.77998871087048D-02  -.20748740162288D-01
  -.95554903827891D-01  -.14948890542998D-01  0.11614193894899D-01
  -.71928692062597D-02  -.43442913938596D-01  -.87161929417988D-01
  -.88002245538017D-02  -.17661085503440D-01  -.15265839571152D-01
  0.43888188265191D-01  0.45626631213608D-01  -.38772846821259D-01
  0.15838122024057D-01  -.14851156553174D-01  0.17217166180676D-01
  -.26351798109136D-01  0.62118637276429D-01  -.58377623887306D-01
  0.41526722238237D-01  -.69063043793658D-01  -.25757070946537D-01
  -.67092633636403D-01  -.87151353619272D-01  -.20626673771622D-02
  -.44502866631968D-02  -.16533100963329D-01  0.34590005621823D-01
  0.14446975916345D-01  0.18379245094669D-01  -.86263663987405D-02
  0.40814345388618D-01  0.94101260331795D-02  0.53880806886919D-01
  -.71747317693588D-01  0.92435858300679D-01  -.31106744957423D-01
  -.86034377171875D-02  0.34386519126397D-01  0.38231299756097D-01
  0.46682907226187D-01  0.25409390466198D-01  -.36383997507422D-01
  0.94251926979190D-01  -.84412465344279D-01  -.64626407702374D-01
  0.11145977991681D+00  0.30267222447550D-02  0.17994666723992D-01
  -.56445315595834D-02  -.22473927442768D-01  0.38161228586133D-01
  -.29447188672394D-01  -.23887305599234D-01  0.11494410444622D+00
  0.10492205911637D+00  -.56332938985129D-02  0.50740508157548D-01
  -.15701961185803D-01  -.20982176117405D-01  0.60004323369590D-01
  0.14552556559321D-01  0.31959181192977D-01  -.24545836598296D-01
  -.10525340692687D+00  0.99268395640568D-01  -.33924843812411D-01
  0.53185437467431D-01  -.54561791220194D-01  0.93702716800242D-01
  0.12369057393547D-01  -.11174351895835D-01  0.77241314143759D-01
  0.13357077885838D-01  -.62352404614041D-01  -.59608683531784D-01
  -.86664230070738D-02  -.79971464140869D-02  -.22581537953944D-01
  -.72469496023594D-01  -.71222585041691D-01  -.48060060584274D-01
  0.28347990338945D-01  -.66940330048616D-01  0.10410965097278D+00
  -.14424945930485D-01  -.27113498185845D-01  0.69315598866436D-01
  0.63797055732097D-01  0.90112656369430D-01  -.96185610532741D-01
  0.65441736306422D-01  -.17901577744570D-01  0.40767292811662D-01
  -.20805682191456D-01  -.10684946733256D-02  0.81378799682167D-01
  0.34121222993242D-01  0.67866966549158D-01  -.20190633928021D+00
  -.31886080245352D-01  0.94418369540247D-01  -.74495015354912D-02
  0.92724300718665D-01  -.45483331354227D-01  -.63119596489948D-01
  -.31499486674182D-01  0.84353982218570D-02  0.40094294909066D-01
  -.88948339126664D-01  -.78434482726913D-01  -.39141025367404D-01
  -.60386219587160D-01  0.92220516383165D-02  -.73344322512120D-01
  0.11447974563379D-01  -.18102167430049D-01  0.51301112447193D-01
  0.18157222092259D-01  0.42900680372552D-01  -.17441369072192D-02
  0.49672453865911D-01  0.98071156142791D-01  -.27358592652820D-01
  0.12127151967320D-01  -.12642939030725D-01  0.85799020677971D-01
  0.56001244853520D-01  0.19344020673612D-01  0.59471321056602D-02
  0.11413387052021D-01  -.46383316602499D-01  -.39048033284740D-01
  -.64931349934376D-02  -.78895410953922D-01  0.86364693101398D-01
  -.19328182836750D-01  -.61820862650057D-01  -.22984504539100D-01
  -.59968905127300D-01  0.33299327724334D-01  -.20369380397144D-01
  -.47939565503837D-01  -.47611027731778D-01  0.85874643041465D-01
  -.47351774596948D-01  0.30251026319240D-01  0.88526296619487D-02
  0.54041223245005D-01  0.49690417696891D-01  -.26425344084574D-01
  -.25503328930969D-02  -.23222871247966D-01  0.87830667197098D-01
  0.10835830012118D+00  0.36789604568396D-01  -.82152256013394D-01
  0.60949757493683D-02  -.17957268744990D-01  -.40920424698107D-01
  -.27950078098502D-03  -.51469992908412D-01  0.71437734187314D-01
$end
