$energy      SCF               SCFKIN            SCFPOT
     1 -2138.413869165      2122.371086107     -4260.784955272
     2 -2138.413869179      2122.371107759     -4260.784976938
     3 -2138.461071339      2122.068979810     -4260.530051149
     4 -2138.496972824      2121.022618293     -4259.519591117
     5 -2138.521086500      2120.664104193     -4259.185190693
     6 -2138.535621934      2119.850551800     -4258.386173735
     7 -2138.544058493      2118.911907776     -4257.455966269
     8 -2138.547072948      2118.659531830     -4257.206604778
     9 -2138.547143983      2118.515129731     -4257.062273714
    10 -2138.553751345      2118.525872285     -4257.079623630
    11 -2138.556156027      2118.536772629     -4257.092928656
    12 -2138.558379605      2118.483101417     -4257.041481022
    13 -2138.557874052      2118.333077104     -4256.890951155
    14 -2138.560905488      2118.314653300     -4256.875558788
    15 -2138.561942939      2118.295767918     -4256.857710857
    16 -2138.563353728      2118.252386637     -4256.815740365
    17 -2138.564906025      2118.200073736     -4256.764979761
    18 -2138.566309092      2118.118404314     -4256.684713406
    19 -2138.567508193      2118.009005543     -4256.576513735
    20 -2138.568811605      2117.921333992     -4256.490145597
    21 -2138.570184758      2117.841277592     -4256.411462351
    22 -2138.571089016      2117.808108834     -4256.379197850
    23 -2138.572151403      2117.775743896     -4256.347895299
    24 -2138.573023113      2117.759369529     -4256.332392643
    25 -2138.573829318      2117.751890112     -4256.325719430
    26 -2138.574502694      2117.725951591     -4256.300454285
    27 -2138.574958856      2117.696942691     -4256.271901546
    28 -2138.575358407      2117.672320109     -4256.247678516
    29 -2138.575744787      2117.644368205     -4256.220112992
    30 -2138.576164748      2117.602005605     -4256.178170352
    31 -2138.576615622      2117.559773972     -4256.136389594
    32 -2138.577014832      2117.515605649     -4256.092620481
    33 -2138.577250624      2117.490848260     -4256.068098884
    34 -2138.577409564      2117.490368201     -4256.067777765
    35 -2138.577609624      2117.488714037     -4256.066323661
    36 -2138.577785532      2117.473928371     -4256.051713904
    37 -2138.577927472      2117.462424829     -4256.040352301
    38 -2138.578060792      2117.455320361     -4256.033381152
    39 -2138.578203480      2117.443887889     -4256.022091368
    40 -2138.578344652      2117.434479975     -4256.012824627
    41 -2138.578471162      2117.430404571     -4256.008875733
    42 -2138.578555602      2117.427152587     -4256.005708189
    43 -2138.578617536      2117.422067568     -4256.000685104
    44 -2138.578678504      2117.416808315     -4255.995486819
    45 -2138.578743985      2117.408875212     -4255.987619198
    46 -2138.578812668      2117.406644716     -4255.985457384
    47 -2138.578876884      2117.412339143     -4255.991216026
    48 -2138.578939612      2117.424961752     -4256.003901364
    49 -2138.579014360      2117.436947839     -4256.015962200
    50 -2138.579106041      2117.441841563     -4256.020947604
    51 -2138.579212024      2117.435703685     -4256.014915709
    52 -2138.579306276      2117.419735078     -4255.999041355
    53 -2138.579372759      2117.407914101     -4255.987286860
    54 -2138.579424475      2117.406206372     -4255.985630847
    55 -2138.579487117      2117.408366510     -4255.987853627
    56 -2138.579527566      2117.411112341     -4255.990639907
    57 -2138.579561040      2117.411488666     -4255.991049706
    58 -2138.579595192      2117.408667142     -4255.988262334
    59 -2138.579626206      2117.404430069     -4255.984056275
    60 -2138.579652620      2117.402565813     -4255.982218433
    61 -2138.579688167      2117.405240043     -4255.984928209
    62 -2138.579718479      2117.409372072     -4255.989090550
    63 -2138.579746863      2117.413434094     -4255.993180958
    64 -2138.579781593      2117.414931095     -4255.994712688
    65 -2138.579825173      2117.410750325     -4255.990575498
    66 -2138.579876387      2117.401798189     -4255.981674576
    67 -2138.579925214      2117.392075432     -4255.972000646
    68 -2138.579990673      2117.387103652     -4255.967094324
    69 -2138.580048934      2117.384613852     -4255.964662786
    70 -2138.580110938      2117.385524974     -4255.965635912
    71 -2138.580173311      2117.383049012     -4255.963222323
    72 -2138.580235777      2117.376113988     -4255.956349764
    73 -2138.580300522      2117.364766517     -4255.945067039
    74 -2138.580401938      2117.353058057     -4255.933459995
    75 -2138.580524331      2117.331769522     -4255.912293853
    76 -2138.580615347      2117.330461787     -4255.911077133
    77 -2138.580742150      2117.331261230     -4255.912003380
    78 -2138.580874810      2117.341551007     -4255.922425817
    79 -2138.581048736      2117.348950793     -4255.929999530
    80 -2138.581187417      2117.358892726     -4255.940080142
    81 -2138.581341361      2117.356869917     -4255.938211279
    82 -2138.581514594      2117.356469480     -4255.937984074
    83 -2138.581684838      2117.358012057     -4255.939696894
    84 -2138.581834798      2117.354285577     -4255.936120374
    85 -2138.582035266      2117.369833467     -4255.951868734
    86 -2138.582200777      2117.376181456     -4255.958382232
    87 -2138.582411912      2117.381000609     -4255.963412520
    88 -2138.582668574      2117.391411434     -4255.974080007
    89 -2138.582889081      2117.391715359     -4255.974604440
    90 -2138.582603602      2117.654677975     -4256.237281577
    91 -2138.583111277      2117.504292620     -4256.087403897
    92 -2138.583276826      2117.377388146     -4255.960664971
    93 -2138.583411559      2117.373516600     -4255.956928159
    94 -2138.583811964      2117.368812601     -4255.952624565
    95 -2138.584100261      2117.367246212     -4255.951346473
    96 -2138.584318805      2117.368543755     -4255.952862560
    97 -2138.584529026      2117.376045788     -4255.960574814
    98 -2138.584848628      2117.415241202     -4256.000089830
    99 -2138.585082994      2117.421620830     -4256.006703823
   100 -2138.585341021      2117.426903297     -4256.012244318
   101 -2138.585719547      2117.443066012     -4256.028785559
   102 -2138.585909752      2117.419867338     -4256.005777090
   103 -2138.586022659      2117.428781311     -4256.014803970
   104 -2138.586144300      2117.349519039     -4255.935663339
   105 -2138.586273755      2117.391287479     -4255.977561233
   106 -2138.586441716      2117.418459212     -4256.004900928
   107 -2138.586668373      2117.425581477     -4256.012249850
   108 -2138.586838873      2117.413264560     -4256.000103433
   109 -2138.586981092      2117.411159703     -4255.998140796
   110 -2138.587203259      2117.406052964     -4255.993256223
   111 -2138.587393169      2117.397986576     -4255.985379745
   112 -2138.587599220      2117.388653049     -4255.976252269
   113 -2138.587769356      2117.388296851     -4255.976066207
   114 -2138.587957578      2117.401719223     -4255.989676801
   115 -2138.588171977      2117.411316855     -4255.999488831
   116 -2138.588316854      2117.426283904     -4256.014600758
   117 -2138.588445737      2117.429886481     -4256.018332218
   118 -2138.588639246      2117.422021621     -4256.010660867
   119 -2138.588764598      2117.412479723     -4256.001244321
   120 -2138.588870860      2117.403907798     -4255.992778658
   121 -2138.589022960      2117.401510101     -4255.990533062
   122 -2138.589139369      2117.407125659     -4255.996265028
   123 -2138.589235365      2117.415804914     -4256.005040278
   124 -2138.589397619      2117.418390406     -4256.007788026
   125 -2138.589554037      2117.419548993     -4256.009103030
   126 -2138.589714129      2117.410058283     -4255.999772412
   127 -2138.589849903      2117.394827199     -4255.984677102
   128 -2138.589924956      2117.391229729     -4255.981154686
   129 -2138.590040473      2117.382424638     -4255.972465111
   130 -2138.590117495      2117.391891799     -4255.982009294
   131 -2138.590214087      2117.384997200     -4255.975211287
   132 -2138.590310552      2117.381299330     -4255.971609882
   133 -2138.590377422      2117.373612549     -4255.963989971
   134 -2138.590506671      2117.380103193     -4255.970609865
   135 -2138.590616591      2117.373728170     -4255.964344760
   136 -2138.590646904      2117.393096502     -4255.983743407
   137 -2138.590709844      2117.384259889     -4255.974969733
   138 -2138.590777757      2117.395969710     -4255.986747467
   139 -2138.590807044      2117.398916547     -4255.989723591
   140 -2138.590856497      2117.397458034     -4255.988314531
   141 -2138.590901686      2117.397908915     -4255.988810601
   142 -2138.590961915      2117.396080512     -4255.987042427
   143 -2138.590992179      2117.400467271     -4255.991459449
   144 -2138.591011110      2117.403440603     -4255.994451712
   145 -2138.591040618      2117.408978481     -4256.000019099
   146 -2138.591075005      2117.406760521     -4255.997835525
   147 -2138.591088636      2117.405921632     -4255.997010268
   148 -2138.591109949      2117.402647920     -4255.993757869
   149 -2138.591129576      2117.395936728     -4255.987066305
   150 -2138.591148498      2117.397686862     -4255.988835360
   151 -2138.591159639      2117.398506036     -4255.989665676
   152 -2138.591172531      2117.400198571     -4255.991371102
   153 -2138.591199346      2117.401769436     -4255.992968782
   154 -2138.591210294      2117.407120348     -4255.998330642
   155 -2138.591218610      2117.401566797     -4255.992785407
   156 -2138.591227715      2117.400747557     -4255.991975272
   157 -2138.591239130      2117.396279772     -4255.987518902
   158 -2138.591244806      2117.395653959     -4255.986898765
   159 -2138.591252270      2117.396590299     -4255.987842569
   160 -2138.591261181      2117.398702040     -4255.989963221
   161 -2138.591264311      2117.400821977     -4255.992086287
   162 -2138.591271785      2117.402857914     -4255.994129700
   163 -2138.591282470      2117.404702566     -4255.995985036
   164 -2138.591286409      2117.405205151     -4255.996491561
   165 -2138.591292729      2117.405614506     -4255.996907236
   166 -2138.591297722      2117.405753404     -4255.997051126
   167 -2138.591300793      2117.406447932     -4255.997748725
   168 -2138.591303595      2117.407120592     -4255.998424187
   169 -2138.591309047      2117.408288516     -4255.999597563
   170 -2138.591312503      2117.408255617     -4255.999568120
   171 -2138.591313888      2117.407426706     -4255.998740594
   172 -2138.591315992      2117.403083354     -4255.994399346
   173 -2138.591317818      2117.403307234     -4255.994625052
   174 -2138.591319357      2117.402357796     -4255.993677153
   175 -2138.591321545      2117.402309957     -4255.993631502
   176 -2138.591323724      2117.402622064     -4255.993945788
   177 -2138.591326662      2117.403563528     -4255.994890190
   178 -2138.591329740      2117.404724388     -4255.996054128
   179 -2138.591331940      2117.404788823     -4255.996120763
   180 -2138.591334498      2117.403843462     -4255.995177960
   181 -2138.591338562      2117.401636277     -4255.992974838
   182 -2138.591341248      2117.399783788     -4255.991125035
   183 -2138.591342991      2117.399378677     -4255.990721668
   184 -2138.591345653      2117.400223000     -4255.991568654
   185 -2138.591349666      2117.401387411     -4255.992737076
   186 -2138.591352112      2117.403334842     -4255.994686954
   187 -2138.591355111      2117.405879441     -4255.997234552
   188 -2138.591357428      2117.406714753     -4255.998072181
   189 -2138.591362760      2117.405802669     -4255.997165429
   190 -2138.591365927      2117.403799044     -4255.995164970
   191 -2138.591369378      2117.402927072     -4255.994296449
   192 -2138.591375945      2117.402311610     -4255.993687556
   193 -2138.591379473      2117.403192105     -4255.994571579
   194 -2138.591382649      2117.403997461     -4255.995380110
   195 -2138.591387945      2117.405522527     -4255.996910472
   196 -2138.591392987      2117.405770965     -4255.997163951
   197 -2138.591396783      2117.406315990     -4255.997712773
   198 -2138.591401405      2117.406948260     -4255.998349665
   199 -2138.591411148      2117.408708545     -4256.000119694
   200 -2138.591416046      2117.410263937     -4256.001679983
   201 -2138.591421107      2117.411197841     -4256.002618949
   202 -2138.591430144      2117.412597535     -4256.004027678
   203 -2138.591436138      2117.412195376     -4256.003631515
   204 -2138.591440298      2117.411025504     -4256.002465802
   205 -2138.591450870      2117.408746190     -4256.000197060
   206 -2138.591462599      2117.407807332     -4255.999269930
   207 -2138.591470471      2117.410020113     -4256.001490584
   208 -2138.591478663      2117.415125934     -4256.006604597
   209 -2138.591487583      2117.419965860     -4256.011453443
   210 -2138.591498410      2117.417749659     -4256.009248069
   211 -2138.591506946      2117.418126777     -4256.009633723
   212 -2138.591516572      2117.412783487     -4256.004300059
   213 -2138.591524252      2117.408258846     -4255.999783097
   214 -2138.591531690      2117.406057916     -4255.997589606
   215 -2138.591549955      2117.403523976     -4255.995073931
   216 -2138.591554645      2117.405414555     -4255.996969200
   217 -2138.591562231      2117.407545998     -4255.999108229
   218 -2138.591571295      2117.408768905     -4256.000340200
   219 -2138.591577629      2117.409855650     -4256.001433280
   220 -2138.591585442      2117.406967408     -4255.998552851
   221 -2138.591595011      2117.404842310     -4255.996437321
   222 -2138.591604968      2117.401260807     -4255.992865775
   223 -2138.591615887      2117.401827353     -4255.993443240
   224 -2138.591624419      2117.403474335     -4255.995098753
   225 -2138.591624365      2117.406866575     -4255.998490940
   226 -2138.591636438      2117.408870767     -4256.000507205
   227 -2138.591654853      2117.427182342     -4256.018837195
   228 -2138.591661332      2117.414880907     -4256.006542239
   229 -2138.591671145      2117.411167332     -4256.002838478
   230 -2138.591693599      2117.406590003     -4255.998283602
   231 -2138.591701423      2117.429268843     -4256.020970266
   232 -2138.591708901      2117.410666526     -4256.002375427
   233 -2138.591714746      2117.409245073     -4256.000959819
   234 -2138.591731693      2117.412518234     -4256.004249927
   235 -2138.591738621      2117.417040606     -4256.008779227
   236 -2138.591747003      2117.420670883     -4256.012417886
   237 -2138.591755312      2117.424140321     -4256.015895633
   238 -2138.591769295      2117.424879134     -4256.016648430
   239 -2138.591791087      2117.425632821     -4256.017423908
   240 -2138.591801331      2117.421984832     -4256.013786163
   241 -2138.591813385      2117.420940745     -4256.012754130
   242 -2138.591822956      2117.415356823     -4256.007179779
   243 -2138.591838975      2117.428382500     -4256.020221475
   244 -2138.591850405      2117.418678146     -4256.010528551
   245 -2138.591881068      2117.423504986     -4256.015386054
   246 -2138.591902786      2117.426958790     -4256.018861576
   247 -2138.591918966      2117.429786922     -4256.021705887
   248 -2138.591936008      2117.431042000     -4256.022978007
   249 -2138.591958591      2117.428973082     -4256.020931673
   250 -2138.591980510      2117.424522477     -4256.016502987
   251 -2138.592004178      2117.420499585     -4256.012503763
   252 -2138.592036457      2117.410230959     -4256.002267415
   253 -2138.592056118      2117.432188766     -4256.024244884
   254 -2138.592074875      2117.417927212     -4256.010002087
   255 -2138.592099583      2117.419104751     -4256.011204335
   256 -2138.592124872      2117.426093178     -4256.018218051
   257 -2138.592149582      2117.432065666     -4256.024215248
   258 -2138.592169788      2117.433732271     -4256.025902059
   259 -2138.592193032      2117.429034532     -4256.021227564
   260 -2138.592212597      2117.423768254     -4256.015980851
   261 -2138.592222958      2117.420356902     -4256.012579860
   262 -2138.592235703      2117.418164583     -4256.010400286
   263 -2138.592243479      2117.420432409     -4256.012675888
   264 -2138.592251612      2117.424733568     -4256.016985180
   265 -2138.592260001      2117.428519165     -4256.020779166
   266 -2138.592274003      2117.435205240     -4256.027479242
   267 -2138.592288023      2117.439665060     -4256.031953084
   268 -2138.592304299      2117.440099748     -4256.032404046
   269 -2138.592323714      2117.432541797     -4256.024865511
   270 -2138.592325459      2117.429741798     -4256.022067256
   271 -2138.592339103      2117.426578139     -4256.018917242
   272 -2138.592385907      2117.426205774     -4256.018591681
   273 -2138.592397324      2117.420657138     -4256.013054462
   274 -2138.592417786      2117.429579661     -4256.021997448
   275 -2138.592434245      2117.424054090     -4256.016488335
   276 -2138.592455172      2117.444096409     -4256.036551582
   277 -2138.592470503      2117.428067495     -4256.020537997
   278 -2138.592489112      2117.422104023     -4256.014593135
   279 -2138.592509747      2117.421261250     -4256.013770997
   280 -2138.592527715      2117.419169374     -4256.011697090
   281 -2138.592538942      2117.417093744     -4256.009632686
   282 -2138.592559457      2117.420207650     -4256.012767106
   283 -2138.592594143      2117.425833172     -4256.018427316
   284 -2138.592612828      2117.427147760     -4256.019760588
   285 -2138.592631875      2117.430714554     -4256.023346429
   286 -2138.592659480      2117.430210365     -4256.022869845
   287 -2138.592699746      2117.425890101     -4256.018589847
   288 -2138.592717951      2117.420684804     -4256.013402755
   289 -2138.592740847      2117.418375695     -4256.011116541
   290 -2138.592768292      2117.420805717     -4256.013574010
   291 -2138.592784372      2117.421123786     -4256.013908158
   292 -2138.592806226      2117.439082053     -4256.031888279
   293 -2138.592823454      2117.428846581     -4256.021670036
   294 -2138.592848175      2117.438495277     -4256.031343453
   295 -2138.592894120      2117.438928445     -4256.031822565
   296 -2138.592942005      2117.436896514     -4256.029838519
   297 -2138.592974291      2117.428760336     -4256.021734628
   298 -2138.593004318      2117.423618194     -4256.016622511
   299 -2138.593032974      2117.418319489     -4256.011352463
   300 -2138.593064195      2117.419872553     -4256.012936749
   301 -2138.593111755      2117.429901467     -4256.023013222
   302 -2138.593148721      2117.427517060     -4256.020665781
   303 -2138.593169139      2117.489793239     -4256.082962378
   304 -2138.593225842      2117.425902031     -4256.019127873
   305 -2138.593240570      2117.432506441     -4256.025747011
   306 -2138.593265483      2117.433707495     -4256.026972979
   307 -2138.593297181      2117.438762035     -4256.032059216
   308 -2138.593323110      2117.432128810     -4256.025451921
   309 -2138.593357973      2117.416849631     -4256.010207604
   310 -2138.593377268      2117.418028212     -4256.011405480
   311 -2138.593400317      2117.437779054     -4256.031179371
   312 -2138.593416612      2117.439873366     -4256.033289977
   313 -2138.593436278      2117.436768064     -4256.030204341
   314 -2138.593455898      2117.432396055     -4256.025851953
   315 -2138.593467213      2117.429882698     -4256.023349911
   316 -2138.593477133      2117.428710541     -4256.022187675
   317 -2138.593484653      2117.427356037     -4256.020840690
   318 -2138.593493428      2117.424809483     -4256.018302911
   319 -2138.593503731      2117.421209359     -4256.014713090
   320 -2138.593510684      2117.419353831     -4256.012864516
   321 -2138.593522046      2117.419875164     -4256.013397210
   322 -2138.593535672      2117.421284341     -4256.014820014
   323 -2138.593544698      2117.423252607     -4256.016797306
   324 -2138.593557740      2117.424939184     -4256.018496924
   325 -2138.593572845      2117.425268990     -4256.018841835
   326 -2138.593583005      2117.425166436     -4256.018749441
   327 -2138.593588865      2117.423167027     -4256.016755892
   328 -2138.593597424      2117.420805582     -4256.014403006
   329 -2138.593605624      2117.419087611     -4256.012693235
   330 -2138.593612296      2117.418412787     -4256.012025083
   331 -2138.593619204      2117.418718975     -4256.012338179
   332 -2138.593630150      2117.421281303     -4256.014911452
   333 -2138.593640540      2117.422696626     -4256.016337166
   334 -2138.593645298      2117.424325547     -4256.017970846
   335 -2138.593651281      2117.424524716     -4256.018175997
   336 -2138.593660518      2117.423496693     -4256.017157211
   337 -2138.593665955      2117.427684113     -4256.021350068
   338 -2138.593673115      2117.418366879     -4256.012039995
   339 -2138.593678721      2117.416594303     -4256.010273023
   340 -2138.593685767      2117.415533588     -4256.009219355
   341 -2138.593692100      2117.417638146     -4256.011330246
   342 -2138.593699423      2117.420897361     -4256.014596784
   343 -2138.593706819      2117.423545175     -4256.017251994
   344 -2138.593716090      2117.424827928     -4256.018544018
   345 -2138.593729259      2117.423270332     -4256.016999591
   346 -2138.593738347      2117.420390395     -4256.014128742
   347 -2138.593750369      2117.415413340     -4256.009163709
   348 -2138.593763981      2117.410790052     -4256.004554033
   349 -2138.593780035      2117.407350270     -4256.001130305
   350 -2138.593798491      2117.406943929     -4256.000742420
   351 -2138.593821321      2117.410892340     -4256.004713661
   352 -2138.593841800      2117.415257672     -4256.009099472
   353 -2138.593857250      2117.418019244     -4256.011876494
   354 -2138.593869477      2117.420007672     -4256.013877149
   355 -2138.593879078      2117.418337032     -4256.012216109
   356 -2138.593883368      2117.418929843     -4256.012813211
   357 -2138.593887634      2117.417413328     -4256.011300963
   358 -2138.593891935      2117.420400228     -4256.014292163
   359 -2138.593896944      2117.418180731     -4256.012077675
   360 -2138.593900713      2117.418358055     -4256.012258768
   361 -2138.593906771      2117.417650428     -4256.011557199
   362 -2138.593910859      2117.417527048     -4256.011437907
   363 -2138.593918212      2117.415955387     -4256.009873599
   364 -2138.593928718      2117.414504455     -4256.008433173
   365 -2138.593936487      2117.413553239     -4256.007489727
   366 -2138.593946706      2117.412983240     -4256.006929946
   367 -2138.593954212      2117.415731010     -4256.009685222
   368 -2138.593959155      2117.413726988     -4256.007686143
   369 -2138.593963778      2117.414633698     -4256.008597476
   370 -2138.593970581      2117.414210917     -4256.008181498
   371 -2138.593976925      2117.415690218     -4256.009667144
   372 -2138.593980540      2117.416034054     -4256.010014593
   373 -2138.593986109      2117.418018720     -4256.012004829
   374 -2138.593994700      2117.419970554     -4256.013965254
   375 -2138.594004485      2117.422054464     -4256.016058949
   376 -2138.594008276      2117.424162197     -4256.018170473
   377 -2138.594011971      2117.428778806     -4256.022790777
   378 -2138.594018857      2117.419454269     -4256.013473126
   379 -2138.594023425      2117.421647320     -4256.015670745
   380 -2138.594033193      2117.419821211     -4256.013854404
   381 -2138.594038161      2117.419806498     -4256.013844660
   382 -2138.594042888      2117.420280309     -4256.014323197
   383 -2138.594048710      2117.422523247     -4256.016571957
   384 -2138.594055404      2117.425844134     -4256.019899538
   385 -2138.594059814      2117.427294888     -4256.021354702
   386 -2138.594066002      2117.425966269     -4256.020032272
   387 -2138.594072623      2117.423413588     -4256.017486210
   388 -2138.594077864      2117.420681608     -4256.014759472
   389 -2138.594083264      2117.418962468     -4256.013045732
   390 -2138.594090559      2117.420414053     -4256.014504612
   391 -2138.594097205      2117.422403136     -4256.016500341
   392 -2138.594101468      2117.424716091     -4256.018817559
   393 -2138.594105722      2117.425583203     -4256.019688925
   394 -2138.594109306      2117.425247506     -4256.019356813
   395 -2138.594112124      2117.425206644     -4256.019318768
   396 -2138.594117319      2117.423594447     -4256.017711767
   397 -2138.594123294      2117.422095238     -4256.016218532
   398 -2138.594128365      2117.424906369     -4256.019034734
   399 -2138.594133648      2117.423683007     -4256.017816654
   400 -2138.594136033      2117.426304620     -4256.020440653
   401 -2138.594141541      2117.427016175     -4256.021157716
   402 -2138.594144656      2117.429338427     -4256.023483083
   403 -2138.594148608      2117.428607741     -4256.022756349
   404 -2138.594153943      2117.427191309     -4256.021345251
   405 -2138.594158863      2117.426338485     -4256.020497348
   406 -2138.594162103      2117.425084000     -4256.019246103
   407 -2138.594165927      2117.426131944     -4256.020297871
   408 -2138.594166666      2117.426400678     -4256.020567344
   409 -2138.594168937      2117.425504237     -4256.019673175
   410 -2138.594174517      2117.423043066     -4256.017217584
   411 -2138.594177573      2117.420040195     -4256.014217769
   412 -2138.594183808      2117.421162746     -4256.015346554
   413 -2138.594187552      2117.416998284     -4256.011185836
   414 -2138.594192460      2117.418373523     -4256.012565983
   415 -2138.594197011      2117.420972637     -4256.015169648
   416 -2138.594199954      2117.422633013     -4256.016832966
   417 -2138.594203220      2117.421941619     -4256.016144839
   418 -2138.594205925      2117.420869576     -4256.015075500
   419 -2138.594207363      2117.419486832     -4256.013694195
   420 -2138.594208711      2117.419024100     -4256.013232812
   421 -2138.594210958      2117.419984514     -4256.014195472
   422 -2138.594212430      2117.420739954     -4256.014952384
   423 -2138.594214459      2117.423799672     -4256.018014131
   424 -2138.594216518      2117.426166471     -4256.020382989
   425 -2138.594218032      2117.426208187     -4256.020426219
   426 -2138.594219910      2117.425985338     -4256.020205248
   427 -2138.594222452      2117.422593640     -4256.016816092
   428 -2138.594223754      2117.420576465     -4256.014800218
   429 -2138.594224582      2117.419207196     -4256.013431778
   430 -2138.594225389      2117.419498015     -4256.013723403
   431 -2138.594226326      2117.420211848     -4256.014438175
   432 -2138.594227003      2117.420960638     -4256.015187642
   433 -2138.594227809      2117.421244659     -4256.015472468
   434 -2138.594228761      2117.420632560     -4256.014861321
   435 -2138.594230228      2117.419873684     -4256.014103912
   436 -2138.594231965      2117.418783343     -4256.013015308
   437 -2138.594233135      2117.418899337     -4256.013132472
   438 -2138.594234330      2117.419908188     -4256.014142518
   439 -2138.594235133      2117.421320799     -4256.015555932
   440 -2138.594235515      2117.421575714     -4256.015811229
   441 -2138.594236020      2117.422492018     -4256.016728037
   442 -2138.594236310      2117.421653393     -4256.015889703
   443 -2138.594237009      2117.421026508     -4256.015263518
   444 -2138.594237608      2117.420892962     -4256.015130570
   445 -2138.594238232      2117.421286786     -4256.015525019
   446 -2138.594238488      2117.421937157     -4256.016175644
   447 -2138.594238743      2117.422457585     -4256.016696328
   448 -2138.594238980      2117.422484548     -4256.016723528
   449 -2138.594238751      2117.424155711     -4256.018394462
   450 -2138.594239106      2117.423399956     -4256.017639062
   451 -2138.594239628      2117.422432880     -4256.016672508
   452 -2138.594239931      2117.422615427     -4256.016855358
   453 -2138.594239951      2117.422659573     -4256.016899525
   454 -2138.594240117      2117.422757735     -4256.016997852
   455 -2138.594240449      2117.422397008     -4256.016637457
   456 -2138.594240697      2117.422167374     -4256.016408071
   457 -2138.594240827      2117.421787218     -4256.016028044
   458 -2138.594241137      2117.421565997     -4256.015807135
   459 -2138.594241451      2117.421645220     -4256.015886672
   460 -2138.594241648      2117.422026863     -4256.016268511
   461 -2138.594241785      2117.422719013     -4256.016960798
   462 -2138.594242002      2117.423773820     -4256.018015822
   463 -2138.594242244      2117.424587338     -4256.018829582
   464 -2138.594242438      2117.424773572     -4256.019016010
   465 -2138.594242697      2117.424901296     -4256.019143993
   466 -2138.594242819      2117.424587397     -4256.018830216
   467 -2138.594242875      2117.424271386     -4256.018514260
   468 -2138.594243124      2117.424785145     -4256.019028269
   469 -2138.594243447      2117.424535231     -4256.018778679
   470 -2138.594243540      2117.423869345     -4256.018112885
   471 -2138.594243480      2117.423399032     -4256.017642511
   472 -2138.594243270      2117.422882992     -4256.017126262
   473 -2138.594243310      2117.422493363     -4256.016736672
   474 -2138.594243376      2117.422234249     -4256.016477625
   475 -2138.594243725      2117.421876638     -4256.016120363
   476 -2138.594244124      2117.421402321     -4256.015646445
   477 -2138.594244456      2117.420695033     -4256.014939489
   478 -2138.594244726      2117.420306523     -4256.014551248
   479 -2138.594244668      2117.420043187     -4256.014287855
   480 -2138.594244619      2117.420341885     -4256.014586504
   481 -2138.594244639      2117.420640614     -4256.014885253
   482 -2138.594244751      2117.420936503     -4256.015181253
   483 -2138.594244873      2117.420995044     -4256.015239917
   484 -2138.594245003      2117.420618175     -4256.014863178
   485 -2138.594245022      2117.420160871     -4256.014405893
   486 -2138.594245152      2117.420162739     -4256.014407891
   487 -2138.594245095      2117.420051986     -4256.014297081
   488 -2138.594245006      2117.419979024     -4256.014224030
   489 -2138.594245138      2117.420253761     -4256.014498899
   490 -2138.594244846      2117.420512276     -4256.014757122
   491 -2138.594244865      2117.420720716     -4256.014965580
   492 -2138.594244850      2117.420745693     -4256.014990543
   493 -2138.594244791      2117.420704313     -4256.014949104
   494 -2138.594244568      2117.420523349     -4256.014767916
   495 -2138.594244500      2117.420358861     -4256.014603361
   496 -2138.594244515      2117.420375327     -4256.014619842
   497 -2138.594244658      2117.421082163     -4256.015326821
   498 -2138.594244818      2117.421226783     -4256.015471601
   499 -2138.594244936      2117.421541352     -4256.015786288
   500 -2138.594245070      2117.421709029     -4256.015954099
   501 -2138.594244880      2117.421690332     -4256.015935212
   502 -2138.594244454      2117.421031674     -4256.015276127
   503 -2138.594244014      2117.420463048     -4256.014707062
   504 -2138.594244183      2117.420526651     -4256.014770833
   505 -2138.594244062      2117.421087933     -4256.015331996
   506 -2138.594243899      2117.421815276     -4256.016059176
   507 -2138.594243939      2117.422493984     -4256.016737923
   508 -2138.594244381      2117.422528831     -4256.016773212
   509 -2138.594244459      2117.422004178     -4256.016248637
   510 -2138.594244398      2117.421087122     -4256.015331520
   511 -2138.594244173      2117.420530958     -4256.014775132
   512 -2138.594243641      2117.420518015     -4256.014761656
   513 -2138.594243120      2117.421060363     -4256.015303483
   514 -2138.594242835      2117.421731845     -4256.015974681
   515 -2138.594242696      2117.421531539     -4256.015774235
   516 -2138.594242734      2117.420794737     -4256.015037470
   517 -2138.594242461      2117.420488650     -4256.014731111
   518 -2138.594242071      2117.420457193     -4256.014699264
   519 -2138.594241721      2117.421028227     -4256.015269948
   520 -2138.594241311      2117.421411993     -4256.015653304
   521 -2138.594241104      2117.421691849     -4256.015932953
   522 -2138.594240956      2117.420924416     -4256.015165372
   523 -2138.594239970      2117.420354484     -4256.014594454
   524 -2138.594239380      2117.421145297     -4256.015384676
   525 -2138.594240092      2117.421271611     -4256.015511704
   526 -2138.594239005      2117.421016144     -4256.015255149
   527 -2138.594237970      2117.421084930     -4256.015322900
   528 -2138.594237121      2117.420823271     -4256.015060391
   529 -2138.594235928      2117.420765441     -4256.015001368
   530 -2138.594236290      2117.420969704     -4256.015205995
   531 -2138.594236124      2117.421078379     -4256.015314504
   532 -2138.594236728      2117.421069620     -4256.015306348
   533 -2138.594237539      2117.420714669     -4256.014952208
   534 -2138.594238196      2117.420381331     -4256.014619527
   535 -2138.594238223      2117.419873750     -4256.014111972
   536 -2138.594237080      2117.419113669     -4256.013350749
   537 -2138.594235583      2117.418742328     -4256.012977912
   538 -2138.594234909      2117.419204320     -4256.013439228
   539 -2138.594234838      2117.419648716     -4256.013883554
   540 -2138.594235891      2117.419756835     -4256.013992726
   541 -2138.594236892      2117.419544976     -4256.013781867
   542 -2138.594237935      2117.419170871     -4256.013408806
   543 -2138.594238819      2117.418946725     -4256.013185545
   544 -2138.594237717      2117.418580106     -4256.012817823
   545 -2138.594237725      2117.419224463     -4256.013462188
   546 -2138.594238277      2117.419526843     -4256.013765120
   547 -2138.594238300      2117.419779874     -4256.014018173
   548 -2138.594238249      2117.419776895     -4256.014015144
   549 -2138.594238171      2117.419559200     -4256.013797371
   550 -2138.594237943      2117.419197359     -4256.013435302
   551 -2138.594238031      2117.419155735     -4256.013393766
   552 -2138.594238873      2117.419733481     -4256.013972353
   553 -2138.594238933      2117.419710933     -4256.013949866
   554 -2138.594239783      2117.419920211     -4256.014159993
   555 -2138.594240000      2117.419875986     -4256.014115987
   556 -2138.594240054      2117.419658568     -4256.013898622
   557 -2138.594239626      2117.418762087     -4256.013001713
   558 -2138.594238959      2117.418661445     -4256.012900404
   559 -2138.594237694      2117.419069837     -4256.013307531
   560 -2138.594237056      2117.419607824     -4256.013844880
   561 -2138.594236397      2117.419640512     -4256.013876910
   562 -2138.594237615      2117.420659856     -4256.014897471
   563 -2138.594237715      2117.420200625     -4256.014438340
   564 -2138.594237699      2117.419453457     -4256.013691156
   565 -2138.594237418      2117.419232601     -4256.013470019
   566 -2138.594236485      2117.419422561     -4256.013659045
   567 -2138.594235910      2117.419718128     -4256.013954038
   568 -2138.594235389      2117.419894529     -4256.014129919
   569 -2138.594234686      2117.419878870     -4256.014113556
   570 -2138.594234082      2117.419460742     -4256.013694823
   571 -2138.594234191      2117.419255705     -4256.013489897
   572 -2138.594234496      2117.419167546     -4256.013402042
   573 -2138.594234909      2117.419144120     -4256.013379029
   574 -2138.594235704      2117.419645005     -4256.013880709
   575 -2138.594236058      2117.419115996     -4256.013352055
   576 -2138.594236652      2117.419965512     -4256.014202164
   577 -2138.594236561      2117.419384717     -4256.013621279
   578 -2138.594237079      2117.419396815     -4256.013633894
   579 -2138.594236900      2117.419256745     -4256.013493645
   580 -2138.594237167      2117.419142442     -4256.013379609
   581 -2138.594237053      2117.419338258     -4256.013575311
   582 -2138.594237437      2117.420248384     -4256.014485821
   583 -2138.594237603      2117.419813005     -4256.014050609
   584 -2138.594237645      2117.419086536     -4256.013324181
   585 -2138.594237417      2117.419083055     -4256.013320471
   586 -2138.594236381      2117.418576792     -4256.012813173
   587 -2138.594235686      2117.418941399     -4256.013177086
   588 -2138.594233567      2117.419079902     -4256.013313469
   589 -2138.594233285      2117.419134289     -4256.013367574
   590 -2138.594233194      2117.418661404     -4256.012894598
   591 -2138.594232287      2117.418209136     -4256.012441423
   592 -2138.594232247      2117.418435825     -4256.012668073
   593 -2138.594231708      2117.419239894     -4256.013471602
   594 -2138.594232967      2117.420086735     -4256.014319703
   595 -2138.594233150      2117.419930029     -4256.014163179
   596 -2138.594235340      2117.419223429     -4256.013458769
   597 -2138.594235526      2117.419734320     -4256.013969846
   598 -2138.594236088      2117.420304914     -4256.014541002
   599 -2138.594236061      2117.420141057     -4256.014377119
   600 -2138.594235526      2117.419530518     -4256.013766044
   601 -2138.594235688      2117.419249367     -4256.013485054
   602 -2138.594235226      2117.419168500     -4256.013403726
   603 -2138.594235070      2117.419709392     -4256.013944462
   604 -2138.594235998      2117.421394514     -4256.015630512
   605 -2138.594236156      2117.420746175     -4256.014982331
   606 -2138.594236235      2117.419724658     -4256.013960893
   607 -2138.594236132      2117.419680948     -4256.013917080
   608 -2138.594235327      2117.419261566     -4256.013496893
   609 -2138.594234135      2117.419017324     -4256.013251459
   610 -2138.594233121      2117.419806915     -4256.014040037
   611 -2138.594231944      2117.420399887     -4256.014631831
   612 -2138.594231320      2117.419140266     -4256.013371586
   613 -2138.594232924      2117.419981076     -4256.014214000
   614 -2138.594232493      2117.419589191     -4256.013821684
   615 -2138.594231494      2117.419169593     -4256.013401087
   616 -2138.594231645      2117.419177527     -4256.013409172
   617 -2138.594216081      2117.417163764     -4256.011379844
   618 -2138.594231781      2117.419982379     -4256.014214160
   619 -2138.594231952      2117.419913452     -4256.014145404
   620 -2138.594232229      2117.419232733     -4256.013464962
   621 -2138.594232400      2117.419619519     -4256.013851919
   622 -2138.594232427      2117.419872515     -4256.014104942
   623 -2138.594232505      2117.419969286     -4256.014201792
$end
