87

C         -0.38659        5.22848       -3.21541
C          0.30840        2.75246       -4.85411
C         -0.02438        4.29014       -2.05339
C          0.00815        2.05576       -3.51752
C          0.03433        2.09230       -1.13543
C         -0.02914        0.74118       -1.11985
C          0.13067        2.61812        0.10748
C          0.00000        0.00000        0.00000
C          0.16138        1.89105        1.23754
C          0.09639        0.54907        1.22416
C          0.12378       -0.24890        2.31402
C          0.20287        0.12280        3.60608
C          0.23414       -0.70015        4.67943
C          0.24051       -0.15470        5.91447
C          0.23800       -2.20903        4.54004
C          0.66472       -4.43227        5.65124
C          0.22041       -0.85164        7.06984
C          0.88892       -2.90825        5.74503
C          0.16409       -0.17288        8.23751
C          0.23234       -2.36604        7.02470
C          2.40963       -2.63817        5.76666
C          0.07859       -0.71966        9.46386
C         -0.00000        0.00000       10.59692
C         -0.10392       -0.51435       11.83676
C         -0.08671       -1.98268       12.22155
C         -0.26387        0.21317       12.95607
C         -0.42339       -0.65009       13.97750
C         -0.64771       -0.38040       15.28017
C         -0.54782        6.68610       -2.75057
C          0.45292        1.74633       -6.00895
N          0.00646        2.79932       -2.21486
C          1.28393       -2.57159       12.17341
C         -0.31464        1.52750       12.97328
C         -1.23422       -2.75613       11.58313
O         -0.37441       -1.82969       13.61510
C         -0.73558        0.83283       15.79043
C         -0.79555       -1.37460       16.13974
F          1.76132       -2.67607       10.96707
F          2.12403       -1.82188       12.83398
F          1.33088       -3.75572       12.71809
N         -0.36329        2.68533       12.97541
C         -1.05483       -3.87747       10.85898
C         -2.08896       -4.52607       10.30060
C         -3.33799       -4.06603       10.46014
C         -3.54013       -2.95449       11.18174
C         -2.49784       -2.31356       11.73275
N         -0.81572        1.89436       16.25005
N         -0.93469       -2.23235       16.90796
H          0.41679        5.22556       -3.98753
H         -1.35061        4.90380       -3.67561
H         -0.52100        3.44257       -5.13234
H          1.26298        3.32596       -4.77412
H         -0.82065        4.54158       -1.30918
H          0.97073        4.62547       -1.67073
H          0.82379        1.29134       -3.47895
H         -0.98056        1.54846       -3.63680
H         -0.13106        0.13721       -2.03500
H          0.21433        3.70127        0.28884
H         -0.06512       -1.09735       -0.11430
H          0.25186        2.45191        2.18141
H          0.06446       -1.33049        2.11140
H          0.22921        1.20334        3.81679
H          0.22924        0.94760        5.98763
H         -0.82194       -2.53783        4.42767
H          0.80079       -2.54630        3.64096
H          1.11536       -4.96179        6.52105
H          1.12196       -4.85252        4.72701
H         -0.41912       -4.68644        5.63232
H          0.16835        0.93144        8.19808
H         -0.82593       -2.71163        7.09554
H          0.79489       -2.80842        7.87735
H          2.64516       -1.55326        5.83593
H          2.89691       -3.13648        6.63502
H          2.90234       -3.02387        4.84570
H          0.04884       -1.81118        9.55141
H         -0.00501        1.09892       10.49457
H         -0.78678        7.35493       -3.60963
H         -1.37219        6.79079       -2.00871
H          0.38791        7.06453       -2.27883
H          0.64693        2.27057       -6.97327
H          1.29995        1.04360       -5.83669
H         -0.47414        1.14127       -6.13477
H         -0.04977       -4.29328       10.69318
H         -1.91296       -5.43861        9.70623
H         -4.18967       -4.59562       10.00200
H         -4.56349       -2.56661       11.31904
H         -2.69887       -1.40018       12.31655