$coord
   -8.16149810600953      6.08081938775744     -4.16244028586633  c
   -8.24394258662923      7.30254509872218      0.50809892739697  c
   -6.78332034395889      7.41532767042401     -1.99137367561372  c
   -4.24430480516076     10.86764197139003     -2.85087536492359  c
   -3.75202528657235     13.35282892258502     -3.49366853813620  c
   -4.33926382023787      2.07912303472963     -0.54914705032017  c
   -0.95453657682702     -5.45400181971342      1.49910952371975  c
   -4.01382102190994      6.65999080136588     -1.74455095567631  c
   -2.56581597995289      8.78099244579678     -2.27487835527946  c
   -0.10874133998134     -7.84112756600162      2.14948642491448  c
   -3.56066281507088     -4.87839610130302      1.29914937336560  c
   -3.01531477804272      4.24572306154411     -1.09330104535189  c
   -2.80439758669366    -14.22748706871198      3.78853345642965  c
   -1.83432774398355     -9.84712135962004      2.65116515974276  c
   -5.26374141842194     -6.87705475678542      1.79868769259612  c
   -4.45346471595982     -9.28063204593712      2.45292610979913  c
    1.68826604180629    -12.73820292778161      3.48161697949561  c
   -6.63927781260141     10.07786176352142     -2.68588051509264  o
   -1.24966671392949     14.33860170920384     -3.71303320091210  c
   -5.81486818424707     15.03425432205884     -3.96764716264400  c
    0.12193032396575      8.80428955357984     -2.23305750144973  c
   -1.00091010828940    -12.21793127799404      3.29619633550147  n
    0.75210084037549     15.22130148996552     -3.91509114850553  n
   -7.47770773253906     16.41649247196084     -4.35612758122778  n
    2.31055192877707      8.64049053832411     -2.15081255475914  n
   -3.17722046446338     -0.26902902135897      0.08979935792486  c
   -4.52273383715663     -2.41152301275163      0.62905872592408  c
   -8.43287630840981      4.06195844746904     -3.75532965292924  h
  -10.02571031228420      6.96032289411504     -4.43691256837091  h
   -7.08225848579942      6.25688281692174     -5.93027793046999  h
   -8.52053424186688      5.34030379685143      1.13039180200690  h
   -7.22088500787415      8.32915201626077      1.99821463879984  h
  -10.10714488851374      8.19033019504701      0.25641252225849  h
   -6.40810944593730      2.09587966883626     -0.59162322705316  h
    0.45274562351928     -3.98823919588406      1.13387233339013  h
    1.92051117886628     -8.16283146382245      2.27173768643349  h
   -0.94871155450771      4.14346826622137     -1.02827084560404  h
   -4.06843459403921    -13.76918774167303      5.38648101291579  h
   -4.00222598880198    -14.62833082517474      2.12493448051782  h
   -1.78261806139393    -15.96717289487375      4.26708428388512  h
   -7.29567934460321     -6.51731745252261      1.66593233723136  h
   -5.86460176886340    -10.73401625059384      2.81528603566530  h
    1.96919892251311    -14.72170609189708      4.01568465852971  h
    2.67438812246025    -12.42130072069410      1.66814819901079  h
    2.61718066391039    -11.55136726523634      4.92692668683730  h
   -1.10879983973310     -0.30316939020956      0.13859669128097  h
   -6.59007194963158     -2.26690132859801      0.55143930367283  h
$user-defined bonds
$end
