$dipgrad          cartesian dipole gradients
  -.29165898001724D-01  -.14349902454104D-01  -.16153766388541D-01
  0.87433822421098D-02  -.79865644653558D-01  0.38822044159987D-01
  0.41795001595029D-01  -.38263744988317D-01  -.38633481733191D-01
  -.28513925529525D-01  -.71053519729248D-02  0.21478991118721D-01
  -.12048311936098D-01  -.69685571542757D-01  -.20907761533037D-01
  -.41768739788771D-01  0.54931265471957D-01  -.48722005908859D-01
  0.30810868937454D+00  -.20426516514273D+00  0.52076874613448D-01
  0.22267734779296D+00  0.53314601266351D+00  -.30867011354347D-01
  -.61120360047825D-01  -.36942893749036D-01  0.41159339451391D+00
  0.85548896710023D+00  -.37022618049308D+00  0.11085835139387D+00
  0.10379844825907D+00  0.27470540139215D+01  -.67634834156479D+00
  -.14681478194175D-01  -.68353316026335D+00  0.34612692459946D+00
  -.80727377021209D-01  0.41046035675485D-01  -.12316398163258D-01
  -.13306801754224D+00  -.14318481500076D+01  0.36299054675407D+00
  0.33705512833954D-01  0.36416193405065D+00  -.13653086470561D+00
  0.15934547544870D+00  -.66829401421752D-02  0.63451059675995D-02
  -.15096174499011D+00  0.31026796078385D+01  -.83255689286067D+00
  0.42946436928945D-01  -.82980713105980D+00  0.17040766114371D+00
  0.27338296392565D+00  -.10803425891884D+01  0.29176854128744D+00
  -.20615680317212D+00  0.76871441422836D+00  -.22432409890019D+00
  0.61134397652600D-01  -.24339378602320D+00  -.10823750986082D-04
  0.13147051977712D+00  0.78577971683873D-01  -.16421969914905D-01
  -.48195099145146D-01  0.31030833828570D+01  -.83219085422604D+00
  0.16197443549233D-01  -.82808198816537D+00  0.16081315872517D+00
  -.12683032154363D+00  -.43120082530624D+00  0.11148498781111D+00
  0.89770341409015D-01  -.22083765015756D+01  0.58046345873207D+00
  -.25746097608874D-01  0.56776350229003D+00  -.15987053601862D+00
  0.72234914713851D-01  -.48609029986712D+00  0.13250785788024D+00
  0.27263797899346D+00  -.15199299755436D+01  0.36248679196719D+00
  -.67570984495924D-01  0.34997321251155D+00  -.25941676226039D+00
  -.40194476276200D+00  0.80496831825212D+00  -.21893374949753D+00
  0.19391127553572D+00  -.21745320753648D+01  0.56371692511692D+00
  -.57564518995200D-01  0.57890055013749D+00  -.20476072523871D+00
  -.11320367603851D-01  -.14480419898724D+00  0.39899128895417D-01
  0.12725925745507D+00  -.29989968522267D+01  0.75698309913749D+00
  -.31166033655539D-01  0.74904182039700D+00  -.33120362652423D+00
  0.26982721471911D+00  0.86877610779579D+00  -.22757629262760D+00
  0.17675965317369D+00  0.98424982946466D+00  -.19397380182357D+00
  -.45006216042433D-01  -.18192137267905D+00  0.28001830711932D+00
  0.14665523427739D+00  -.10104679122753D+01  0.26697343077012D+00
  -.61050143939964D+00  0.28637688976252D+01  -.73028680196286D+00
  0.16273880952766D+00  -.74278892868730D+00  0.34447306124368D+00
  0.12324831558034D+00  0.45506722342642D+00  -.11635127444996D+00
  -.51659927793923D-01  0.14536829906196D+01  -.40575831042709D+00
  0.16797432500551D-01  -.39823128149991D+00  0.26502752524463D-01
  -.24513433071964D+00  0.14196237018970D+01  -.37516386479422D+00
  0.12260020492183D+00  -.97268938755089D+00  0.20936330650092D+00
  -.34288056858603D-01  0.23418563152210D+00  -.25003099792851D+00
  0.73587952496322D+00  -.89699538604744D+00  0.24507655389427D+00
  -.10924339436373D+00  0.26813252322362D+00  -.10089434490323D-01
  0.38544198694205D-01  -.26077839029342D-01  0.24538281549959D+00
  -.10519705619887D+01  -.25767019117774D+00  0.53774387966851D-01
  -.34032133136959D+00  -.10345456078197D+01  0.18641594179008D+00
  0.75142103683105D-01  0.18808970480300D+00  -.34936420051336D+00
  0.38927193487968D+00  0.66182102497310D+00  -.17015927008625D+00
  0.18852837146920D+00  0.26192735498688D+00  -.26087789470801D-01
  -.45109666749963D-01  -.16805024952932D-01  0.15582453228065D+00
  0.18685556796118D+00  -.69817950833719D+00  0.18420071160157D+00
  -.21005818221987D+00  0.51941996941563D+00  -.10428790757237D+00
  0.55258465010062D-01  -.11282089771014D+00  0.16521691083229D+00
  0.29818634819163D+00  0.60682754321682D+00  -.15742897166932D+00
  0.42526718354673D-01  0.31376455566446D-01  0.31489610092606D-01
  -.79377316271764D-02  0.41597883819687D-01  0.13898933067870D+00
  -.71624929730561D+00  0.99047161094717D+00  -.27045004456991D+00
  0.44290185197703D+00  -.32508660437511D+01  0.81131887812468D+00
  -.12838482970712D+00  0.83559266643614D+00  -.43207284313284D+00
  -.36623625655312D+00  -.39299434815999D+00  0.10136059589918D+00
  -.80456586028942D-01  -.45577548923030D+00  0.44701872683905D-01
  0.20295615059025D-01  0.39058878515506D-01  -.29082208622350D+00
  -.32000877260336D+00  0.38723640070911D+00  -.10218566503518D+00
  0.79189468821803D-01  -.61666829687826D+00  0.83119435839085D-01
  -.21912283480273D-01  0.87593896583634D-01  -.32831553743694D+00
  -.33304021995484D+00  -.37118818517377D+00  0.96399635976234D-01
  0.36960763403455D-01  -.16534457516947D+00  -.25239135556606D-01
  -.10013854513323D-01  -.32903553781028D-01  -.25592622189836D+00
  0.14724716804694D-01  -.32784194200768D+00  0.89095782322167D-01
  0.18540606340779D+00  -.30104798333684D+01  0.75783319644716D+00
  -.45730505466173D-01  0.74868552989705D+00  -.34587920135714D+00
  0.19250892159472D+00  0.23534469799401D+00  -.56668728414479D-01
  -.29172047407511D+00  0.32049495946514D+01  -.86132486487313D+00
  0.81316351506376D-01  -.85450385261084D+00  0.18591863998125D+00
  0.71808725440806D-01  -.44135737038145D-01  0.87207971568499D-02
  -.39576737261009D-01  -.66047335228629D-01  0.19877242286530D-01
  -.47060679222540D-02  0.19447856922338D-01  0.47321703998895D-01
  -.62234727726458D-01  0.52579909722191D-01  -.35410162507622D-01
  0.60684612322469D-01  0.31722914971566D-01  -.61349033361317D-03
  -.28724858852950D-01  -.12073356932062D-02  0.51223520600751D-01
  0.23120793338697D-01  -.26694813416529D-01  0.71923916996314D-01
  -.93052586539613D-02  0.55182050118249D-01  0.89685810091406D-02
  0.39096242900357D-01  -.27936641891748D-01  -.39093586779548D-01
  0.71017997758361D-01  -.42862269868811D-01  0.14851815420333D-01
  -.32950995129329D-01  -.56378393644854D-01  0.37167888044743D-01
  0.24205763686517D-01  0.36849281906336D-01  0.38121061774397D-01
  0.26215922114571D-01  -.57858911861224D-01  -.47511458039028D-01
  -.25906585490704D-01  0.39937084340987D-01  -.55489019773529D-01
  -.28049762941584D-01  -.18743697825952D-01  -.27383806207977D-01
  -.63286171791334D-01  0.61979897105847D-01  0.14647786247407D-02
  0.65974481064676D-01  0.38190721703542D-01  0.10726620861134D-01
  -.85337686128563D-02  0.11213937260944D-01  0.45611824162990D-01
  -.85199060317917D-01  0.72448114842482D-01  -.22787655114196D-01
  -.19340924680068D-01  0.77932232457474D-01  0.71900521990090D-02
  0.18420726101790D-02  0.93684731380360D-02  0.10356171836969D+00
  0.20331553951666D-01  -.61033176869616D-01  0.14652631922420D-01
  -.71255667435367D-01  0.38167935451738D-01  0.14719974350315D-01
  0.17855917973482D-01  0.15321028891421D-01  0.94455535897927D-01
  -.50228182243736D-01  0.78680917801737D-01  -.23856107045525D-01
  0.27294031306454D-01  0.32657853188912D-01  0.23119809661615D-01
  -.99326354573659D-02  0.24312388588626D-01  0.11135759128594D+00
  -.23408099564588D-01  0.71292226454958D-01  -.21351260817958D-01
  0.24888096637172D-01  0.35083641852355D-02  0.29797717566747D-01
  -.90102976771650D-02  0.30944295095904D-01  0.10681190371827D+00
  -.33117110304028D-01  -.24655889095710D+00  0.14165510506968D+00
  0.28490930308708D-01  -.26404521751238D-01  -.43771974596409D-01
  0.76460687566163D-01  0.71088486115459D-01  -.86416869143463D-01
  -.26994385386640D-01  -.28181971676058D+00  -.19108849055369D-03
  -.13753586220262D-01  -.56845526527737D-01  0.24019568244221D-01
  -.78559295432265D-01  -.10327654847579D+00  -.62950862063349D-01
  0.17436082678699D-01  0.11732475953136D+00  -.32326740559931D-01
  0.41550132099149D-01  -.12178358208002D+00  0.56094484203413D-01
  -.12122947646958D-01  0.56949648399825D-01  0.71607204023227D-01
  -.67533891082077D-01  0.75388162470771D-02  -.51067233645159D-02
  0.52052911767298D-01  0.93968426776270D-01  0.27203447367500D-02
  -.16786336146245D-01  0.17976504845237D-02  0.99411985677399D-01
  0.25204130779885D-01  -.75989370989323D-01  0.18427257422326D-01
  -.59785774663177D-01  -.55630833617377D-01  0.45281340006060D-01
  0.14758906650773D-01  0.46097445411934D-01  0.10768100712835D+00
  0.51811061015343D-01  0.21404795381098D-01  -.62785872842717D-02
  0.57759375564342D-01  -.15086854840223D+00  0.64825342316851D-01
  -.15544456988793D-01  0.63395501550708D-01  0.70703313776828D-01
  -.10030186914195D+00  0.20995866074815D+00  -.15011790031618D-01
  -.49231011123545D-01  0.10462707337614D+00  0.19192059651806D-01
  0.10819186656005D+00  -.76016605745447D-01  -.72347590387003D-01
  -.94854613764887D-01  0.18649569528046D+00  -.90127165846948D-01
  -.94444647756070D-01  0.85550064482440D-01  -.11302843009712D+00
  -.69735902682411D-01  -.90068053136378D-02  -.57311469860524D-01
  -.58450572113605D-01  0.64550877468322D-01  -.20279800918275D-01
  -.24453003826810D-02  0.13473706343450D-01  0.26740287230136D-01
  -.27136064580212D-02  0.28228701370330D-01  0.10806603317308D+00
  -.87384801385579D-01  0.43342507341205D-01  -.14948704379728D-01
  0.10022102545715D-01  0.66459271458082D-01  0.69995017018266D-02
  -.58619324381777D-02  0.76719185735546D-02  0.89862206323938D-01
$end
