$energy      SCF               SCFKIN            SCFPOT
     1 -1142.881736805      1134.606665402     -2277.488402207
     2 -1142.881736824      1134.606747855     -2277.488484679
     3 -1142.917992608      1134.491419862     -2277.409412470
     4 -1142.943060764      1133.619471528     -2276.562532292
     5 -1142.963370842      1133.337720889     -2276.301091732
     6 -1142.972580281      1132.576890067     -2275.549470348
     7 -1142.977294764      1132.142222802     -2275.119517566
     8 -1142.977516993      1131.965445351     -2274.942962343
     9 -1142.981888779      1131.983066474     -2274.964955253
    10 -1142.983965164      1131.993012963     -2274.976978126
    11 -1142.984926427      1131.987612697     -2274.972539124
    12 -1142.987060245      1131.943754633     -2274.930814878
    13 -1142.989042161      1131.778205461     -2274.767247622
    14 -1142.990864026      1131.640369505     -2274.631233532
    15 -1142.992488436      1131.585408326     -2274.577896762
    16 -1142.993780589      1131.591203943     -2274.584984532
    17 -1142.994993378      1131.558294577     -2274.553287955
    18 -1142.996196663      1131.467690741     -2274.463887404
    19 -1142.997110537      1131.399801502     -2274.396912039
    20 -1142.997707330      1131.385152297     -2274.382859627
    21 -1142.998118396      1131.401563968     -2274.399682364
    22 -1142.998405374      1131.423350416     -2274.421755790
    23 -1142.998702314      1131.444273675     -2274.442975990
    24 -1142.998958135      1131.436704942     -2274.435663076
    25 -1142.999283520      1131.413109889     -2274.412393409
    26 -1142.999623313      1131.364370762     -2274.363994075
    27 -1142.999886175      1131.332406550     -2274.332292725
    28 -1143.000231981      1131.309658793     -2274.309890774
    29 -1143.000487288      1131.302910374     -2274.303397662
    30 -1143.000643193      1131.301249962     -2274.301893155
    31 -1143.000766976      1131.300670967     -2274.301437943
    32 -1143.000853144      1131.286213529     -2274.287066674
    33 -1143.000905333      1131.266903870     -2274.267809204
    34 -1143.000964385      1131.246127620     -2274.247092005
    35 -1143.001008101      1131.238029897     -2274.239037998
    36 -1143.001048053      1131.243970749     -2274.245018802
    37 -1143.001089127      1131.261201581     -2274.262290708
    38 -1143.001132821      1131.275546033     -2274.276678854
    39 -1143.001170465      1131.280936547     -2274.282107013
    40 -1143.001193752      1131.274334123     -2274.275527875
    41 -1143.001207104      1131.263183433     -2274.264390537
    42 -1143.001215813      1131.257969547     -2274.259185360
    43 -1143.001222954      1131.257127229     -2274.258350183
    44 -1143.001230916      1131.259887181     -2274.261118097
    45 -1143.001241088      1131.261883680     -2274.263124768
    46 -1143.001249459      1131.263248523     -2274.264497982
    47 -1143.001260874      1131.259774007     -2274.261034881
    48 -1143.001274439      1131.252987433     -2274.254261873
    49 -1143.001285476      1131.247967383     -2274.249252858
    50 -1143.001296363      1131.245529678     -2274.246826040
    51 -1143.001303816      1131.248136186     -2274.249440003
    52 -1143.001310541      1131.250587668     -2274.251898210
    53 -1143.001318665      1131.252584865     -2274.253903530
    54 -1143.001324560      1131.252159817     -2274.253484377
    55 -1143.001327974      1131.252316127     -2274.253644101
    56 -1143.001332487      1131.253143541     -2274.254476028
    57 -1143.001335626      1131.254264052     -2274.255599678
    58 -1143.001338516      1131.255894858     -2274.257233373
    59 -1143.001341620      1131.257472179     -2274.258813799
    60 -1143.001343146      1131.257352078     -2274.258695223
    61 -1143.001344570      1131.257432030     -2274.258776600
    62 -1143.001346735      1131.257250361     -2274.258597096
    63 -1143.001348700      1131.257508846     -2274.258857545
    64 -1143.001351331      1131.257382886     -2274.258734217
    65 -1143.001353385      1131.256834867     -2274.258188251
    66 -1143.001356091      1131.255482329     -2274.256838420
    67 -1143.001358587      1131.253631282     -2274.254989868
    68 -1143.001360182      1131.252925196     -2274.254285378
    69 -1143.001362189      1131.252392752     -2274.253754941
    70 -1143.001363416      1131.252922791     -2274.254286208
    71 -1143.001364004      1131.252851000     -2274.254215004
    72 -1143.001364625      1131.252315631     -2274.253680256
    73 -1143.001364862      1131.252348196     -2274.253713058
$end
