 47
 tcf2
  C   -4.281536    3.061766   -2.166816   
  C   -4.323825    3.712434    0.316703   
  C   -3.549317    3.750023   -1.007317   
  C   -2.217354    5.470786   -1.435068  
  C   -1.937854    6.748528   -1.764626  
  C   -2.261690    1.052725   -0.277594  
  C   -0.571685   -2.749080    0.756882  
  C   -2.091501    3.371099   -0.883056  
  C   -1.362964    4.467373   -1.157601  
  C   -0.154082   -3.981673    1.091172  
  C   -1.877358   -2.445691    0.652278  
  C   -1.572327    2.172117   -0.559590  
  C   -1.583109   -7.254404    1.931110   
  C   -0.996526   -5.005170    1.346518  
  C   -2.730063   -3.456230    0.903664  
  C   -2.303233   -4.685166    1.236999  
  C    0.866488   -6.453685    1.766573   
  O   -3.399819    5.123885   -1.364636  
  C   -0.721371    7.246535   -1.873858  
  C   -2.926224    7.594385   -2.003025  
  C   -0.048168    4.492456   -1.141214  
  N   -0.591169   -6.179384    1.665404  
  N    0.342000    7.697911   -1.973539  
  N   -3.775170    8.355213   -2.216757  
  N    1.110346    4.504139   -1.123979  
  C   -1.668203   -0.113779    0.040062  
  C   -2.365136   -1.230724    0.322206  
  H   -4.435221    1.975666   -1.991556  
  H   -5.288325    3.513426   -2.317947  
  H   -3.716765    3.173465   -3.120407  
  H   -4.480814    2.678663    0.691693  
  H   -3.788821    4.282100    1.110459  
  H   -5.331175    4.171622    0.194848  
  H   -3.360302    1.079004   -0.303825  
  H    0.211242   -1.996514    0.572355  
  H    0.940153   -4.100958    1.143263  
  H   -0.471610    2.094124   -0.519869  
  H   -2.227049   -7.007360    2.805729  
  H   -2.194419   -7.477177    1.027061  
  H   -1.073342   -8.207978    2.192175  
  H   -3.821464   -3.296184    0.840988  
  H   -3.103621   -5.420692    1.416808  
  H    1.051303   -7.512610    2.052733  
  H    1.376598   -6.312657    0.786498  
  H    1.342448   -5.838725    2.564033  
  H   -0.567841   -0.130426    0.064184  
  H   -3.465805   -1.132924    0.276457  
