$coord
    3.93808927720811     -0.96675459460361      0.35759381942600      c
    4.50136353365495      4.40174019592648      4.27411376264763      c
    1.71029814087345      0.80131020622830      0.89641086242271      c
    3.26181620152270      1.95390783785950      5.19537584641745      c
   -1.19005238136650      0.60001714635100      4.58393587256093      c
   -1.56195841954258      0.08761242745296      7.20002812195630      c
   -3.40222682100726      0.56947199121778      3.03880451929508      c
   -5.76809495403517      0.06667634069085      4.03170385277811      c
   -3.94598360809374     -0.40624651925800      8.16907098592422      c
   -6.13622418557857     -0.44127675037541      6.63466779684049      c
   -8.57014494683390     -0.96645356123196      7.75870127323490      c
  -10.85663853550393     -1.11071374180499      6.56506067990296      c
  -13.24055411993986     -1.61645358563409      7.74602650217181      c
  -15.58077318925084     -1.78456135400945      6.51095782095492      c
  -17.60433463131053     -2.29784838603507      8.13377505931369      c
  -16.90269991925174     -2.54199627702141     10.67625624005868      c
  -18.55272902483251     -3.05570263927409     12.72263593610061      c
  -17.89127574833424     -3.29521748872069     15.23522127160880      c
  -23.87257508395546     -1.85321907254196     16.36193286786703      c
  -19.54535869439756     -3.80797539743142     17.27454586413706      c
  -18.81329674611572     -4.03752779972160     19.79905404868334      c
  -22.39663756452368     -4.20926478711930     17.16704671483898      c
  -23.18230140535792     -6.59103118603369     15.72233616372620      c
  -21.02334656667455     -4.56186122580872     21.30382028500935      c
  -21.31535933067154     -4.94750897441785     23.88905311781697      c
    1.16596744396292      1.10799045748679      3.59475022885801      n
  -13.61603665377940     -2.11055592906990     10.99794186160976      s
  -16.28806838694334     -3.78436119080548     20.66814854202936      c
  -23.05334592769562     -4.66252523571402     19.82170732957490      o
  -19.25810482770022     -4.87117915679197     25.62315519381927      c
  -23.77260951682582     -5.44131727646867     24.88405609442194      c
  -14.18114791299199     -3.55407274018976     21.25053870103508      n
  -17.63411123482888     -4.82435760157473     27.10521145746998      n
  -25.76642874838264     -5.84553725343062     25.71891801004774      n
    4.12546204753358     -1.22782233741940     -1.69919240941164      h
    5.74838529952794     -0.21842078158046      1.05672294361615      h
    3.62981655374440     -2.83592087693868      1.22249406563840      h
    5.93713775889700      5.00685450055344      5.65451976832859      h
    5.45760803847123      4.18303765618084      2.43958804990308      h
    3.09218795950747      5.92462814989720      4.09518995782536      h
    0.03301049183541      0.01046568122340     -0.02254556650246      h
    2.04681565585889      2.65966215286997      0.00373957902802      h
    2.52846224748945      2.28891035941082      7.10186478663172      h
    4.70271668682302      0.45131856602906      5.37537263773328      h
    0.04617356812911      0.01253644311077      8.48331316524302      h
   -3.26875678763323      1.01976821541341      1.03397196388394      h
   -7.38642749435498      0.10752673929949      2.74969154003633      h
   -4.13054937923369     -0.81441753560132     10.18736595024719      h
   -8.52708205687854     -1.27765989553154      9.80789666120253      h
  -10.97146245223367     -0.82745267743637      4.51927284608326      h
  -15.76040772006858     -1.53313537182672      4.47165533822232      h
  -19.56350441156405     -2.49693745833322      7.51649602070468      h
  -20.52978997614353     -3.26725237666541     12.16108870035907      h
  -15.89866575252458     -3.07362310108653     15.74658531833001      h
  -23.54904301100800     -1.42247319894125     14.35670290305189      h
  -25.90472022899104     -2.18838751204703     16.64591788631400      h
  -23.30138589860823     -0.20616004951127     17.49377148007399      h
  -22.83719168362904     -6.37327256448730     13.68645786473142      h
  -22.12352187280034     -8.24608526235245     16.40102449837149      h
  -25.21249465227937     -6.92994695244389     16.01510255050168      h
$user-defined bonds
$end
