$coord
   -6.82554596897440     -3.52473804524289      0.02790869466953  c
   -5.06524223529932     -5.22902506336352     -0.75976857587275  c
   -9.60763813501463     10.72828344211502      1.18382850547308  c
  -10.84353712287097     12.85929777095743      0.19426016892106  c
   -4.54116274154149      7.74585190678243      2.89999144158832  c
   -3.25112390873050     -2.24333971478279      1.35501235515817  c
    4.22673905859541     -7.21005481035882      6.86387195806292  c
   -7.67755724449171      4.93467092983860      0.55973675784474  c
  -10.10895011338588     13.85596405909855     -2.14024911588425  c
   -7.65001104922451      9.63093272269167     -0.18025309309019  c
   -6.01387799344347      7.33543395820129      0.40994574448603  c
    2.29820097709757     -9.64996598482175      3.17517493406751  c
   -6.93297105551426     10.64995212913969     -2.52016766057105  c
    4.73127612925190     -8.70867445366003      4.43672219802713  c
   -8.13916508773702     12.76596177772723     -3.53757538817333  c
   -4.24981926948608      7.27891647473177     -1.91123997894045  c
   -1.40567139512277      3.63237824474992     -0.92762501702502  c
    1.34311137437041      0.03995994422661      0.27407646450947  c
    4.02892661278092     -3.60048857398338      1.42724881797537  c
    8.39105114211562    -11.07366036756299      4.06441339196477  c
    9.97439314701537    -13.09754589073787      4.55602356179763  c
    6.54266710052170     -7.40333502277482      2.61464115559082  c
   -2.26961203654211      5.66753949561699     -2.45678927208270  c
    0.66613512474208      2.09759053575157     -1.38232622615592  c
    3.57314357309344     -1.33930995633675      0.01195590197377  c
    6.14929707557094     -5.10158924762503      1.27855130537037  c
    8.70329346075009     -8.88640361942404      2.44981609377214  c
   -3.69708411293495      9.72444453808659     -5.89702827412945  c
    2.36730468962742      2.45195296472451     -3.65915818310041  c
    5.57034081323574     -0.49737238448046     -1.87002975539966  c
    5.17145272225692      2.16642836170753     -2.94497759883251  c
    7.07252191076709      2.89838790241397     -5.09972811425567  c
    6.83150124066835      5.74834995708771     -5.67302159803693  c
    6.58985729613161      1.40220868864723     -7.55322485193319  c
    9.80709757347942      2.40374899384133     -4.21389676362123  c
   -5.62566124740296     -1.62474397577982      1.36452023368826  n
   -2.77085515830059     -4.43593017375660      0.09980186733891  o
   -0.74300771987117     -0.69866310478967      2.90744635101324  s
    6.13384004184286    -10.96073410544164      5.19413470339119  o
   12.41158565035292    -13.35252555369084      3.42702371648483  c
   -4.93320003731493      9.21539789224545     -3.51410526182196  n
    9.16465408192897    -15.03443414736397      6.25830809196051  c
   10.82037126786064     -8.27062512684437      0.91322145249747  c
   14.40707881676087    -13.63439032225604      2.55123871788192  n
    8.52541545280817    -16.62163684297206      7.63662774282574  n
   12.45389921387793     -7.60932582560222     -0.39841737847463  n
   -8.85852857925282     -3.52744769723852     -0.28699706215749  h
   -5.10720348522439     -6.96059506992381     -1.86250351826218  h
  -10.18811794560335      9.95048136097575      3.00811088025725  h
  -12.38251260493631     13.74045790637669      1.25138719634794  h
   -3.35297070425792      6.10883103823867      3.37200978524375  h
   -3.32342374574528      9.42814030955445      2.78331010460361  h
   -5.88078809528418      8.03174917903899      4.46671798964823  h
    3.05928303671794     -5.53390996048737      6.48797524594926  h
    3.22244917517570     -8.42679753451058      8.21821386852701  h
    6.01345071900114     -6.59407280011980      7.72995007234672  h
   -6.57863781670834      3.21884015316873      0.96487920183615  h
   -9.08250164349856      5.15919534083357      2.07990906355784  h
   -8.71372883093481      4.64014700056728     -1.22052903471301  h
  -11.07952507671842     15.51400596486290     -2.89882691094612  h
    1.07971861664551     -8.06824728277547      2.60360297261001  h
    2.74597973422577    -10.78257382010393      1.49031948311913  h
    1.25422631365107    -10.84866321837202      4.51559211719805  h
   -7.58964650359137     13.56990750530488     -5.35582184550253  h
   -2.46618906971862      3.22875611166197      0.79063218276002  h
    2.50368547496862     -4.16934253546810      2.68565651101855  h
   -1.26709256158849      6.01208785807427     -4.22454685903909  h
    7.70530261576417     -4.54861700409931      0.03869663416943  h
   -4.63676461971310     11.30441521526025     -6.85023518475127  h
   -1.69154005328746     10.22421698493460     -5.61600708160832  h
   -3.78498841809670      8.06112807141965     -7.14950770566055  h
    1.87182597185695      1.02886787643680     -5.10706618668496  h
    2.02626702434754      4.30777985537162     -4.51605630056030  h
    7.42128675788492     -0.60717105977295     -0.92869016545001  h
    5.64657496947662     -1.89879058816967     -3.41885730623412  h
    5.53213123460336      3.51284093152272     -1.38675949457736  h
    8.23280883865797      6.32434787959205     -7.10186759455090  h
    7.16801676867944      6.89331928523858     -3.96438622558614  h
    4.95558057635920      6.25289649173321     -6.42015280419599  h
    8.01770608403381      1.89417637843080     -8.98775318180626  h
    6.70742518734121     -0.65534071983548     -7.25549957327338  h
    4.72323687117981      1.82336563331197     -8.37350800461901  h
   10.19611512822182      3.33682510692730     -2.39057680568821  h
   10.21805790863407      0.37647886003607     -3.99663397163547  h
   11.16469331995470      3.15465420754797     -5.60326934656820  h
$user-defined bonds
$end
