$dipgrad          cartesian dipole gradients
  0.26582904323405D+00  0.81130289470480D-01  0.67385819783673D-01
  -.80085194796867D-01  0.52181653553527D-02  0.67707408527588D-01
  0.16493384244302D-01  0.73072271994832D-01  -.16791758469105D-01
  0.16034065943326D+00  -.93225013128229D-01  -.85356498016154D-02
  -.54392007014653D-01  0.38809920391571D-01  0.83206724251622D-01
  -.11274688913655D-01  0.44862421246139D-01  -.65386522351503D-02
  0.20666542028740D+00  -.28079226652996D+00  -.24026306532939D-01
  -.12086236170169D+00  0.10355388067706D+00  -.67943198369522D-01
  -.21756812660758D+00  0.14363732079532D+00  0.36319992169898D-01
  -.22648173141692D+00  0.15635283548265D+00  -.77054816017441D-01
  0.21847130182299D+00  -.41083752224540D+00  0.66199256603907D-01
  -.12492835186483D+00  0.12153355139368D+00  -.11466330946757D+00
  -.10553788270229D+00  0.16016007421247D+00  -.24077179578716D-01
  -.21378387052276D-01  0.69639236305961D-01  0.32042499280411D-01
  0.15237709500866D-01  -.20498198414891D-01  0.55920468228918D-01
  0.69403762933189D+00  0.98669094101298D-01  0.24276037204443D-01
  0.15684783466039D+00  0.40436800992339D+00  0.16880781797636D+00
  0.24083361643026D+00  0.15585106001963D+00  0.49982004150115D-01
  -.17567519120067D-01  -.70118225891552D-03  0.17728667120966D-01
  0.51908799200215D-01  -.81564819268874D-01  0.29831644390448D-01
  -.17029774142755D-01  -.37881683076270D-01  -.12280095063493D-01
  0.59074890646031D-01  0.57216944444814D-01  -.40491332942854D-01
  0.13742610373954D+00  -.12257445923255D+00  0.21609590785139D-01
  0.13476512373219D+00  -.13313665167081D+00  0.43192999900330D-01
  -.50990124666979D-01  0.86599930652355D-02  -.93220007522933D-01
  -.15581691821671D+00  0.87496751098786D-01  -.37280064346763D-01
  0.12917765608354D+00  -.27417019589174D+00  0.65524305131359D-01
  -.37024546488559D+00  0.24231234021180D+00  0.86114369745572D-02
  -.40779271292043D-01  -.60238086091815D-01  -.10384081175592D-01
  0.43860298971839D+00  -.45698602994747D+00  -.14792646324945D+00
  0.19325512976848D+00  -.12409923177201D+00  0.73969166717487D-01
  -.19132655913076D+00  0.31821060735714D+00  0.67512406000411D-02
  0.66450375255865D-01  0.13453186219090D-01  0.30274418034097D-01
  -.42607378006234D-01  0.41102274417510D-01  -.30177422535401D-01
  0.19180482462554D-01  -.33409728599611D-01  -.35275610209803D-01
  -.28905604083217D-01  0.74245153007072D-01  -.39825534926576D-01
  0.14418066947552D+01  -.14114092856942D+01  -.10605457514172D+00
  -.85876289430059D+00  0.82750370702858D+00  0.16920250520496D+00
  -.84679630919576D+00  0.94138488930893D+00  -.10668487163319D-01
  0.28351720566416D+00  0.10623277528056D+00  -.37107233657781D-01
  -.27608882660319D+00  0.51159369114180D+00  0.45758407516781D-01
  0.22275844254024D+00  -.14897199375973D+00  0.36172302100447D+00
  -.27276535448816D+00  0.13986119614115D+00  0.21541945812736D-01
  0.21405985157831D+00  -.24430299784965D+00  -.13858886915349D+00
  -.40496001197674D-01  -.73481984554906D-01  0.24918953263503D-01
  0.20790066947558D+01  -.25662094731931D+01  0.47301404078166D+00
  -.24512316200058D+01  0.30682688109292D+01  -.68018234342126D+00
  0.46686931005675D+00  -.71048938578737D+00  0.24802908668701D+00
  0.15967555529230D+01  -.21906805770445D+01  0.58050524750768D+00
  -.19815187634096D+01  0.24373332540334D+01  -.59631894037908D+00
  0.59145068693284D+00  -.66505310567639D+00  0.43497490521325D-01
  0.15897330086849D+01  -.17310997694731D+01  0.38085079453145D+00
  -.17074242218477D+01  0.21879551653391D+01  -.76042036140420D+00
  0.54135541572222D+00  -.11122397152649D+01  0.22214226531831D+00
  0.12432936418299D+01  -.17452393485381D+01  0.55542711709979D+00
  -.18715673988435D+01  0.24396476543330D+01  -.74758226654364D+00
  0.73474407115483D+00  -.93334659012103D+00  0.20295595194372D+00
  0.10287435914445D+01  -.67951192577191D+00  -.18220752710594D-01
  -.15249449258503D+01  0.24725363318501D+01  -.78738492362521D+00
  0.55181875903501D+00  -.11714654712134D+01  0.70249038258209D+00
  -.53074445004914D+00  0.60446734549025D+00  -.15728385764945D+00
  0.88696657274828D+00  -.12165600952367D+01  0.33935653351217D+00
  -.33308885770596D+00  0.45783158102300D+00  -.18422236967586D+00
  0.11498841950958D+01  -.15301665402113D+01  0.43154880971986D+00
  -.19882817001780D+01  0.26562989719449D+01  -.86367469427719D+00
  0.67856827169228D+00  -.98337822701027D+00  0.29066039220717D+00
  -.18702103662179D+01  0.21719361764849D+01  -.54870230967459D+00
  0.20071111847129D+01  -.26883083750360D+01  0.53304879583872D+00
  -.27788412437911D+00  0.27534282873912D+00  -.15453388878729D+00
  -.15455408956469D+01  0.17923294371736D+01  -.56522464583557D+00
  0.19372538849796D+01  -.25562782118503D+01  0.63723227791037D+00
  -.51957145698290D+00  0.55488218967287D+00  -.43241554445402D-01
  -.10785803637976D+01  0.15573981162210D+01  -.57585612093586D+00
  0.15820563663666D+01  -.23098237697388D+01  0.66310042121116D+00
  -.70525434102807D+00  0.82361607548654D+00  -.19943891332500D+00
  -.11777025699317D+01  0.15375109612330D+01  -.53333598549415D+00
  0.17781398262566D+01  -.24698048538375D+01  0.71432192452262D+00
  -.61649082856680D+00  0.73544181188522D+00  -.30404334740764D+00
  -.11109762511553D+01  0.13953339355580D+01  -.40350746620981D+00
  0.12837238442206D+01  -.18701127829235D+01  0.62744318557268D+00
  -.26874581852980D+00  0.48221159795821D+00  -.21438553505864D+00
  -.15506874740905D-01  0.43044680156827D+00  -.23475280800406D+00
  0.28593970431887D-01  0.20884451506954D+00  -.36935448741661D-01
  0.32193237434032D+00  -.64587667321562D+00  0.60737154122568D+00
  -.13282860225182D-01  0.67791840675877D-01  0.21853572160372D-01
  -.42179791370092D-01  0.11044614970768D+00  0.67001986306978D-01
  0.89672008795266D-01  0.65763297232862D-01  0.51145842261886D-01
  -.96455922057850D-01  0.49487386801286D-01  0.82507965978425D-01
  0.10555909497813D+00  0.59437242088208D-01  0.31531915784755D-01
  0.39009001893284D-01  0.76388238434334D-01  0.64902255560764D-01
  0.76740055621407D-01  0.10309469979061D+00  -.81235408113998D-01
  0.81851082730299D-01  0.54499422278066D-01  -.26045435335910D-01
  -.11145312986391D-01  0.13142131506994D-01  0.63054900085238D-01
  0.13584448664637D+00  0.32277713928892D-01  -.89767951249622D-02
  0.19096289593360D-01  0.13330419657019D+00  -.20085612784063D-04
  -.78962064340720D-01  -.38249079526142D-01  0.18533963744129D+00
  0.40740550730155D-01  0.38967412034202D-02  0.11255598823453D-01
  0.58586833441119D-02  0.14224157683465D-02  0.16082674463143D-01
  0.44808645578574D-01  0.46364881853885D-01  0.18706539424277D-01
  0.12488986073840D-01  -.25416106035393D-01  0.23019710937804D-01
  -.49075972973783D-02  0.60340166607807D-02  -.16910483791674D-01
  0.24811824708155D-01  -.15208700105932D-02  -.23019353740866D-01
  -.14139638626986D-01  0.25962078924077D-02  0.70513596607199D-02
  0.31164945261318D-01  0.30563230933744D-01  0.63309068026272D-02
  0.39684736591634D-01  0.22134138040732D-01  0.23132558809833D-01
  -.59779500225695D+00  -.57576580696148D-01  -.13520725782878D-01
  -.33362244743877D-01  -.33766546862108D+00  -.65754045099559D-01
  0.28172830497328D-01  -.35556042345783D-01  -.23965028357537D+00
  -.62591963662177D+00  0.11404744314399D+00  0.37491170615380D-01
  -.10006309830093D-01  -.36412575394363D+00  -.15921216024745D+00
  -.18767860860279D+00  -.18125753974914D+00  -.18514896322038D+00
  -.68944113752393D-01  -.14376763868698D+00  0.62394232834971D-01
  0.12799403593741D+00  0.33495206326701D-02  0.76019725106673D-01
  -.10745309083877D+00  0.22607837306028D+00  0.55175032232117D-01
  -.10360602306777D+01  0.26035656184717D+00  0.23883004089566D+00
  0.45566309879454D+00  -.80792730191480D+00  0.12676298327576D+00
  0.10257867087022D+00  0.21586336415406D+00  -.49382968850286D+00
  0.76924504693858D+00  -.51621515987419D+00  0.26407985960885D-01
  -.67997103639340D-01  0.73528980576589D-01  0.81531982231826D-01
  -.29048235365243D+00  0.32073220506456D+00  0.84202907181239D-01
  -.16362433833041D+01  0.16070553094117D+01  0.32045175755058D-01
  0.24123025757672D+01  -.29655335354359D+01  0.43576262866059D+00
  -.10828312279439D+01  0.16489635456922D+01  -.76849817647356D+00
  -.14510086452428D+00  0.33649671027833D+00  -.85305663615745D-01
  -.18205626550443D+00  0.68830060896535D+00  -.28416966882190D+00
  0.26618070725020D+00  -.54066545946192D+00  0.36728691743684D+00
  0.63343836041085D+00  -.41138924994988D+00  0.36283140430794D-01
  0.17285030152458D+00  -.95283629611462D-01  0.71192298191677D-01
  -.38441556383004D+00  0.37482791542247D+00  0.79924796619566D-01
  -.65244104205529D+00  0.36919142061362D+00  -.64351889106035D-01
  0.87582517071948D-01  -.33949319783015D+00  -.82108329905448D-02
  0.13011614158089D+00  -.16130182389943D+00  -.23869307206774D+00
  -.18309054446590D+00  -.15267487632464D+00  0.40003266180258D-01
  0.19895506570602D+00  -.69254939179082D+00  0.16659265803495D+00
  -.19392924124236D+00  0.34270340112053D+00  -.43210539330842D+00
  -.52583816744061D+00  0.25758275717972D+00  -.47599559161485D-01
  -.16559993656344D+00  -.11648179845814D+00  -.16811753495446D-01
  0.24290412356294D+00  -.23674487976715D+00  -.21859677732761D+00
  0.22160005072139D-02  -.28956359024218D-01  -.28624468009956D-01
  0.64794790467056D-02  0.91889030685637D-01  -.10960412626732D-01
  -.39229988740938D-01  -.18861848467050D-01  0.11015292133204D+00
  0.78097709237377D-01  0.26019980268547D-01  0.15071869236025D-02
  0.18091917553577D-02  0.77563859681332D-01  -.41430623396003D-01
  -.17664683523861D-01  -.38984312122368D-01  0.12391272464210D+00
  0.84633835453438D-01  -.43966543041500D-02  0.20490236381381D-01
  -.35701172381072D-01  0.80146289340269D-01  0.69835287191473D-01
  0.59737822688087D-01  0.27000133252608D-01  -.24097869054695D-01
  -.17492179816689D-01  0.98377998935327D-01  0.63514393256237D-01
  0.87327271181980D-01  0.28483033356084D-01  -.99740124376867D-02
  0.79338195228542D-01  -.27088144327461D-01  0.38909619739377D-01
  0.10041658095340D-01  0.46831228978329D-01  -.44696588774712D-01
  0.66161368514255D-01  -.36125033293532D-01  0.40608879749395D-01
  -.55351301736218D-01  0.44346092800645D-01  0.33620028471889D-01
  -.54074347574949D-02  -.68461610568615D-01  -.18774798928387D-01
  -.77360552318648D-01  -.40767775568985D-01  -.20252581500225D-01
  -.25338779779391D-01  0.59692927809159D-01  0.30242014333157D-01
  -.29020935751434D-01  0.27281547491771D-01  0.91842949794659D-01
  0.21131772881069D-01  0.50067180782735D-01  -.27326066847198D-01
  0.12817284624989D+00  -.11256064815369D+00  -.30248710707942D-01
  0.77657334092423D-02  0.72815754055024D-01  -.17581754588408D-01
  0.56417632666788D-01  -.91588150377023D-02  -.77069957782741D-02
  0.82887547487041D-02  -.15876198696388D-01  0.60736654365146D-01
  0.38405369530394D-01  -.42745670004782D-01  0.55796811614934D-01
  -.35274827732376D-01  -.38222636384855D-03  0.56271088502126D-01
  0.31108341192591D-01  0.56038780392650D-01  -.19992882060701D-01
  -.42164059479192D-01  -.31290948188246D-01  -.64815742182320D-01
  -.23838688473787D-01  0.37829188808708D-01  -.23477882094423D-01
  -.34338542238038D-02  -.55209578883412D-01  0.34981338646093D-01
  0.12471486046539D-01  0.26889663224249D-01  -.17490897327757D-01
  0.14156211428799D-01  0.35832571888103D-01  0.20461577916847D-01
  -.37810286829246D-01  0.28108910998182D-01  0.46018222700962D-01
  -.90572565400418D-01  0.62844653060528D-01  0.69481231090539D-01
  -.25193402217011D-01  0.83846909012914D-01  -.41223104386671D-01
  0.13113011662831D+00  -.58460195917640D-01  -.21510490215136D-01
  0.27153807893039D-01  -.59131239191992D-01  -.41966931896934D-01
  -.44129787667028D-02  0.12354940573997D-01  -.67227919229299D-02
  -.89972615611923D-01  -.16356215721589D-01  -.62649475501587D-01
  0.26892402408288D-01  0.10408103278465D+00  -.15914924381336D-01
  0.10972837222037D+00  -.54658154121106D-01  0.60234868683988D-01
  -.20669284897641D-01  0.65031853770127D-01  0.56356834999678D-01
  -.87229287732552D-02  0.67172869534928D-01  -.25989109598297D-01
  0.33390971718073D-01  0.78182970424934D-02  0.55556364099687D-02
  -.16697695391164D-01  -.90463027159901D-02  0.54359014923396D-01
  0.19662135029086D-01  0.44162833183399D-01  0.15713576326866D-01
  -.16870540800319D-01  0.41454136494037D-01  -.61366003226487D-01
  0.25198708955080D-03  -.60491911073748D-01  -.37465627203082D-01
  0.17848357805716D-01  -.64091826875530D-01  0.35819553484124D-01
  -.36301584095240D-01  -.23790946996974D-02  0.55110918779740D-01
  0.36735551603250D-01  0.64871372959898D-01  -.31203620770277D-02
  0.93256631211411D-01  -.30791699544856D-01  0.70110304941872D-01
  -.11814916211498D-01  0.90451897631896D-01  0.46553194262386D-01
  0.47504859419213D-01  0.67153571776886D-01  -.41994190576375D-01
  0.31714444819062D-01  -.13012887544178D-01  0.50092724483994D-01
  -.14402566361637D-01  0.16188602682607D+00  0.91464909093381D-02
  -.88058411654821D-02  0.75342158660859D-01  -.17338451769348D-02
  0.77039019089018D-01  -.63364918874535D-01  0.64231870178127D-01
  -.67619117003114D-01  0.72319166955785D-01  0.23726055563028D-01
  0.39520068326204D-01  0.69024099082939D-01  0.31639398670041D-01
  0.34609578812570D-01  0.34065196347331D-01  0.69497222940867D-01
  0.40015105596548D-01  0.19686375452858D-01  0.36711179257269D-01
  0.34568178051463D-01  0.94565885613363D-01  -.41053542898846D-01
  0.33145024420352D-01  -.35568776808209D-01  0.55591797859097D-01
  0.31068592753699D-01  0.15293821674037D-01  0.44864909395278D-01
  0.14773350032881D-01  0.75132552593568D-01  0.38381544728082D-01
  0.44564750741570D-01  0.74858786622750D-01  -.48548194191092D-01
  0.61116202614930D-01  -.34723995967372D-01  0.87471789028224D-01
  -.29695795772495D-01  0.70548224585273D-01  0.38386177450571D-01
  0.11129913798544D-01  -.20952880113341D+00  0.96678615682059D-01
  -.36340359931034D-01  0.77368614575199D-01  -.18156545177001D-01
  -.70150267945610D-01  0.44340575722623D-01  -.31121119122881D-01
  0.78102474324454D-01  -.10126561733326D+00  0.62132762965379D-01
  -.78258506246265D-01  0.57352860416105D-01  -.13616719801138D+00
  -.34939352733960D-01  0.64993472435131D-01  -.57965203590941D-01
  0.67226089756493D-02  -.37579405424087D-01  0.95896308269349D-02
  -.52278861661062D-01  0.20598153519074D-01  -.95682251355600D-01
  0.15275544217114D-01  -.37349492466035D-01  -.64059343555939D-01
  0.47782587690232D-01  0.45285564196527D-01  -.37722208287765D-01
  -.17085865510470D-01  -.45179105406931D-01  0.71615824718312D-01
  -.19549540895000D-03  0.47530303653162D-01  0.17575515903763D-02
  -.78233492883825D-01  0.15725893604413D-01  -.18277401170228D-01
  0.41497502196527D-02  0.58672332928493D-01  0.10256630319024D-02
  -.24597872777846D-01  -.17464634230855D-01  0.19216120412298D-01
  -.18144626215844D-01  0.20869373720998D-02  0.17624427154604D-01
  -.24086038948735D-01  0.45644915333947D-02  -.67332733286445D-01
  0.64438066988979D-01  -.68051743052868D-01  -.31231069724684D-01
  0.56303185112533D-02  -.19268808513037D-01  -.13050239807980D-01
  -.37470110035419D-01  -.45907048349671D-01  -.55582878129836D-01
  -.20745388413729D-01  -.79137596924317D-01  -.77437506794040D-01
  -.50327796548343D-01  -.73523279594975D-01  0.12009878674368D+00
  -.30353322351653D-01  0.20496111409130D-01  0.34430409801963D-01
  0.99733418115730D-01  0.67356185938503D-01  -.43184344723524D-01
  0.51051990038548D-01  0.38098687675820D-02  -.27865049743399D-01
  -.70506951502063D-02  -.22930759436076D-01  -.56705247398528D-01
  -.38693798052235D-01  -.99315177543651D-01  -.75866429730320D-01
  -.98597431740579D-01  0.44275088833236D-01  -.62404603091794D-01
  0.35818676442622D-01  0.21679494711659D-01  -.31125042076633D-02
  -.75179025990209D-01  -.17485965113483D-01  0.59755382470768D-01
  -.46401956092833D-01  -.35033860031584D-01  0.12737976020806D+00
  -.50033501869942D-01  0.42260443563814D-01  0.52718299025144D-01
  0.90588335076183D-01  0.24449711879139D-01  -.60218282346947D-01
  0.56910533642088D-01  0.87140223406909D-02  -.24955370024685D-01
  -.29496102197344D-01  -.11862997599061D+00  0.94134676284087D-02
  -.35130916219138D-01  0.28580061094235D-01  0.56637917105788D-01
  -.89653727568427D-01  0.80053603262411D-02  -.87233171488673D-01
  0.33907846330139D-01  0.34958515141958D-01  0.30922480824745D-02
  -.67758831737009D-01  -.28946054297987D-01  0.35864958338887D-01
  0.35641132100076D-01  0.10556941178029D-01  -.21840836234022D-01
  -.10134238805167D-02  0.12508045108884D-01  -.79138938689975D-01
  -.59785956000219D-01  -.70768646153754D-01  -.91052860326508D-01
  0.54269705506533D-01  0.12386315766277D-01  -.29732495162540D-01
  0.15764274657562D-01  -.94682299895381D-01  0.27199415510269D-01
  -.45627810755649D-01  0.12309920545911D-01  0.59736685809908D-01
  -.61692285523289D-01  -.43056332056052D-01  0.74907149695252D-01
  -.76233000581820D-01  0.32853817556808D-01  0.60946841503949D-01
  0.12224427691764D+00  0.56982040329553D-01  -.44434997289498D-01
$end
