$energy      SCF               SCFKIN            SCFPOT
     1 -2291.096761529      2270.650648511     -4561.747410040
     2 -2291.096761548      2270.650706581     -4561.747468129
     3 -2291.098057895      2270.745950805     -4561.844008700
     4 -2291.098535262      2270.527629752     -4561.626165014
     5 -2291.099581883      2270.603018079     -4561.702599961
     6 -2291.100034322      2270.623293103     -4561.723327425
     7 -2291.100474646      2270.614342161     -4561.714816807
     8 -2291.100842297      2270.571194792     -4561.672037089
     9 -2291.101103689      2270.520539000     -4561.621642689
    10 -2291.101385458      2270.495561745     -4561.596947203
    11 -2291.101567986      2270.502483954     -4561.604051940
    12 -2291.101717221      2270.498299863     -4561.600017084
    13 -2291.101897749      2270.491035855     -4561.592933603
    14 -2291.101986820      2270.480605912     -4561.582592733
    15 -2291.102065136      2270.458317759     -4561.560382896
    16 -2291.102280319      2270.465299376     -4561.567579695
    17 -2291.102373515      2270.472012468     -4561.574385983
    18 -2291.102484072      2270.469950805     -4561.572434877
    19 -2291.102651569      2270.458341072     -4561.560992640
    20 -2291.102799182      2270.458558105     -4561.561357287
    21 -2291.102921830      2270.465468905     -4561.568390735
    22 -2291.103041816      2270.477106950     -4561.580148765
    23 -2291.103142378      2270.493979701     -4561.597122078
    24 -2291.103220974      2270.499345851     -4561.602566825
    25 -2291.103313982      2270.485027662     -4561.588341644
    26 -2291.103406080      2270.466849297     -4561.570255377
    27 -2291.103492571      2270.447299278     -4561.550791849
    28 -2291.103551787      2270.436012375     -4561.539564162
    29 -2291.103629467      2270.431716542     -4561.535346010
    30 -2291.103684469      2270.436611122     -4561.540295591
    31 -2291.103726832      2270.439293989     -4561.543020821
    32 -2291.103791956      2270.435565862     -4561.539357818
    33 -2291.103853092      2270.437064016     -4561.540917108
    34 -2291.103920004      2270.434318786     -4561.538238791
    35 -2291.103999080      2270.431558217     -4561.535557297
    36 -2291.104085708      2270.433022844     -4561.537108552
    37 -2291.104149274      2270.430553168     -4561.534702442
    38 -2291.104201284      2270.425306603     -4561.529507887
    39 -2291.104266381      2270.414527083     -4561.518793464
    40 -2291.104330931      2270.406190477     -4561.510521408
    41 -2291.104374256      2270.399133673     -4561.503507929
    42 -2291.104409114      2270.397312775     -4561.501721889
    43 -2291.104453020      2270.396447025     -4561.500900045
    44 -2291.104503779      2270.389604785     -4561.494108565
    45 -2291.104549176      2270.385049956     -4561.489599132
    46 -2291.104611317      2270.374384504     -4561.478995821
    47 -2291.104673753      2270.366045626     -4561.470719379
    48 -2291.104724054      2270.361853880     -4561.466577934
    49 -2291.104771682      2270.367511946     -4561.472283629
    50 -2291.104818881      2270.374397580     -4561.479216461
    51 -2291.104856988      2270.383701156     -4561.488558144
    52 -2291.104914862      2270.396182682     -4561.501097544
    53 -2291.104984032      2270.408600003     -4561.513584036
    54 -2291.105026894      2270.418762932     -4561.523789826
    55 -2291.105069079      2270.420925298     -4561.525994377
    56 -2291.105132506      2270.421572406     -4561.526704912
    57 -2291.105180409      2270.417101102     -4561.522281511
    58 -2291.105241487      2270.411128996     -4561.516370483
    59 -2291.105287823      2270.412635845     -4561.517923668
    60 -2291.105309336      2270.411922657     -4561.517231993
    61 -2291.105361158      2270.412610318     -4561.517971476
    62 -2291.105396253      2270.419446246     -4561.524842499
    63 -2291.105412850      2270.419703476     -4561.525116326
    64 -2291.105427310      2270.420857521     -4561.526284831
    65 -2291.105461070      2270.420476026     -4561.525937096
    66 -2291.105500223      2270.418750334     -4561.524250557
    67 -2291.105528993      2270.417861109     -4561.523390101
    68 -2291.105546691      2270.414820181     -4561.520366872
    69 -2291.105568200      2270.413019261     -4561.518587460
    70 -2291.105592893      2270.406900706     -4561.512493599
    71 -2291.105601957      2270.428518473     -4561.534120430
    72 -2291.105624052      2270.400374984     -4561.505999036
    73 -2291.105645668      2270.400600897     -4561.506246565
    74 -2291.105681226      2270.407038712     -4561.512719938
    75 -2291.105696762      2270.405835979     -4561.511532741
    76 -2291.105725342      2270.403999135     -4561.509724477
    77 -2291.105746702      2270.405840646     -4561.511587348
    78 -2291.105778087      2270.409546384     -4561.515324471
    79 -2291.105804519      2270.409952292     -4561.515756811
    80 -2291.105818845      2270.412608414     -4561.518427259
    81 -2291.105839231      2270.414851673     -4561.520690903
    82 -2291.105851703      2270.426103190     -4561.531954893
    83 -2291.105864368      2270.420618890     -4561.526483259
    84 -2291.105881622      2270.414571999     -4561.520453621
    85 -2291.105906558      2270.418135434     -4561.524041992
    86 -2291.105927654      2270.427753326     -4561.533680979
    87 -2291.105943665      2270.435912188     -4561.541855853
    88 -2291.105963303      2270.444451307     -4561.550414610
    89 -2291.105976833      2270.450119561     -4561.556096393
    90 -2291.105988136      2270.445916508     -4561.551904644
    91 -2291.106000398      2270.440821945     -4561.546822342
    92 -2291.106022266      2270.425912200     -4561.531934466
    93 -2291.106035783      2270.419743510     -4561.525779292
    94 -2291.106053271      2270.416447979     -4561.522501250
    95 -2291.106065964      2270.417335286     -4561.523401250
    96 -2291.106080150      2270.420251955     -4561.526332106
    97 -2291.106094808      2270.421355974     -4561.527450782
    98 -2291.106110518      2270.421592419     -4561.527702937
    99 -2291.106125134      2270.416041903     -4561.522167037
   100 -2291.106140530      2270.410190072     -4561.516330602
   101 -2291.106159810      2270.402544968     -4561.508704778
   102 -2291.106167003      2270.407003999     -4561.513171002
   103 -2291.106177759      2270.400446349     -4561.506624108
   104 -2291.106187755      2270.400789022     -4561.506976776
   105 -2291.106201613      2270.402997061     -4561.509198674
   106 -2291.106208533      2270.407816181     -4561.514024715
   107 -2291.106218694      2270.414634861     -4561.520853555
   108 -2291.106223954      2270.418682074     -4561.524906028
   109 -2291.106231791      2270.418629749     -4561.524861540
   110 -2291.106248562      2270.416566607     -4561.522815168
   111 -2291.106261329      2270.413898747     -4561.520160077
   112 -2291.106282553      2270.407509074     -4561.513791627
   113 -2291.106294341      2270.405413745     -4561.511708086
   114 -2291.106302443      2270.400931990     -4561.507234433
   115 -2291.106310053      2270.399994308     -4561.506304362
   116 -2291.106318247      2270.399253521     -4561.505571768
   117 -2291.106330496      2270.400482479     -4561.506812975
   118 -2291.106346851      2270.402113095     -4561.508459945
   119 -2291.106360483      2270.405454553     -4561.511815035
   120 -2291.106374905      2270.409583717     -4561.515958622
   121 -2291.106392493      2270.416725233     -4561.523117726
   122 -2291.106399741      2270.418631479     -4561.525031219
   123 -2291.106404649      2270.421793986     -4561.528198635
   124 -2291.106410851      2270.421833837     -4561.528244688
   125 -2291.106419857      2270.423347124     -4561.529766981
   126 -2291.106427643      2270.423196443     -4561.529624086
   127 -2291.106434277      2270.423249181     -4561.529683457
   128 -2291.106442568      2270.424060803     -4561.530503371
   129 -2291.106456149      2270.425463685     -4561.531919834
   130 -2291.106468520      2270.425082363     -4561.531550883
   131 -2291.106474483      2270.426338956     -4561.532813439
   132 -2291.106477637      2270.426333081     -4561.532810718
   133 -2291.106484732      2270.424839537     -4561.531324269
   134 -2291.106493293      2270.423044623     -4561.529537916
   135 -2291.106491400      2270.433353637     -4561.539845038
   136 -2291.106499214      2270.421358306     -4561.527857520
   137 -2291.106502922      2270.421236359     -4561.527739280
   138 -2291.106511315      2270.422545167     -4561.529056483
   139 -2291.106515194      2270.426319613     -4561.532834806
   140 -2291.106520354      2270.432116336     -4561.538636690
   141 -2291.106526727      2270.435091241     -4561.541617968
   142 -2291.106532496      2270.434763157     -4561.541295653
   143 -2291.106538398      2270.433388599     -4561.539926997
   144 -2291.106543022      2270.431473751     -4561.538016773
   145 -2291.106554960      2270.427325918     -4561.533880878
   146 -2291.106561526      2270.425749336     -4561.532310862
   147 -2291.106568119      2270.426146020     -4561.532714139
   148 -2291.106580355      2270.427687785     -4561.534268140
   149 -2291.106589835      2270.426735190     -4561.533325025
   150 -2291.106595241      2270.424819442     -4561.531414682
   151 -2291.106601433      2270.420568248     -4561.527169681
   152 -2291.106608014      2270.416574308     -4561.523182322
   153 -2291.106613123      2270.414623890     -4561.521237014
   154 -2291.106618981      2270.414362512     -4561.520981493
   155 -2291.106628092      2270.416923180     -4561.523551271
   156 -2291.106635194      2270.416650316     -4561.523285511
   157 -2291.106640636      2270.418598468     -4561.525239104
   158 -2291.106646230      2270.414513836     -4561.521160066
   159 -2291.106652500      2270.410399202     -4561.517051702
   160 -2291.106658056      2270.407496067     -4561.514154124
   161 -2291.106661173      2270.408054531     -4561.514715704
   162 -2291.106666226      2270.412371547     -4561.519037773
   163 -2291.106671039      2270.417114633     -4561.523785672
   164 -2291.106675883      2270.418881603     -4561.525557486
   165 -2291.106683505      2270.418237415     -4561.524920920
   166 -2291.106690952      2270.413969137     -4561.520660089
   167 -2291.106701392      2270.407446489     -4561.514147881
   168 -2291.106709045      2270.401979063     -4561.508688108
   169 -2291.106714476      2270.400878075     -4561.507592551
   170 -2291.106723177      2270.403173518     -4561.509896696
   171 -2291.106728710      2270.406314357     -4561.513043067
   172 -2291.106731712      2270.407394987     -4561.514126698
   173 -2291.106734656      2270.406296874     -4561.513031530
   174 -2291.106737301      2270.405049928     -4561.511787229
   175 -2291.106741836      2270.402325201     -4561.509067036
   176 -2291.106744561      2270.401206111     -4561.507950672
   177 -2291.106747976      2270.403216938     -4561.509964914
   178 -2291.106751251      2270.407587875     -4561.514339126
   179 -2291.106753697      2270.410893681     -4561.517647378
   180 -2291.106756937      2270.414509227     -4561.521266164
   181 -2291.106760141      2270.416156020     -4561.522916160
   182 -2291.106762306      2270.416001720     -4561.522764026
   183 -2291.106764935      2270.414953497     -4561.521718432
   184 -2291.106767244      2270.413857967     -4561.520625211
   185 -2291.106769455      2270.413562497     -4561.520331952
   186 -2291.106771732      2270.414164044     -4561.520935776
   187 -2291.106774068      2270.415505750     -4561.522279818
   188 -2291.106776017      2270.416695103     -4561.523471120
   189 -2291.106777605      2270.418137809     -4561.524915415
   190 -2291.106778880      2270.418719877     -4561.525498756
   191 -2291.106781381      2270.418697347     -4561.525478728
   192 -2291.106783987      2270.417815773     -4561.524599760
   193 -2291.106786666      2270.417998082     -4561.524784747
   194 -2291.106787998      2270.418117327     -4561.524905324
   195 -2291.106790343      2270.418858482     -4561.525648825
   196 -2291.106793229      2270.420652411     -4561.527445640
   197 -2291.106795917      2270.422027326     -4561.528823244
   198 -2291.106798105      2270.422224418     -4561.529022523
   199 -2291.106801358      2270.421270534     -4561.528071892
   200 -2291.106804241      2270.420558190     -4561.527362431
   201 -2291.106807077      2270.421145555     -4561.527952632
   202 -2291.106810071      2270.420812260     -4561.527622331
   203 -2291.106812963      2270.421557369     -4561.528370332
   204 -2291.106816249      2270.421960092     -4561.528776341
   205 -2291.106818492      2270.421116579     -4561.527935071
   206 -2291.106824454      2270.416919484     -4561.523743939
   207 -2291.106828824      2270.413432666     -4561.520261489
   208 -2291.106832201      2270.411218493     -4561.518050694
   209 -2291.106837731      2270.411508518     -4561.518346249
   210 -2291.106841823      2270.413375656     -4561.520217479
   211 -2291.106844114      2270.413096960     -4561.519941075
   212 -2291.106849084      2270.412004565     -4561.518853649
   213 -2291.106853196      2270.412127869     -4561.518981065
   214 -2291.106856548      2270.413132965     -4561.519989512
   215 -2291.106859799      2270.414036429     -4561.520896227
   216 -2291.106864744      2270.415646293     -4561.522511038
   217 -2291.106868922      2270.416073558     -4561.522942481
   218 -2291.106870435      2270.416322167     -4561.523192602
   219 -2291.106871740      2270.416082495     -4561.522954235
   220 -2291.106873064      2270.414707599     -4561.521580663
   221 -2291.106873509      2270.413552172     -4561.520425681
   222 -2291.106875073      2270.412508114     -4561.519383188
   223 -2291.106876425      2270.409594472     -4561.516470897
   224 -2291.106876756      2270.408618381     -4561.515495137
   225 -2291.106877520      2270.407884397     -4561.514761917
   226 -2291.106880318      2270.406212221     -4561.513092539
   227 -2291.106884967      2270.404217670     -4561.511102637
   228 -2291.106885429      2270.408312731     -4561.515198160
   229 -2291.106887988      2270.404992487     -4561.511880475
   230 -2291.106892228      2270.400265118     -4561.507157346
   231 -2291.106895189      2270.398112768     -4561.505007957
   232 -2291.106901509      2270.395346030     -4561.502247538
   233 -2291.106904663      2270.399601993     -4561.506506655
   234 -2291.106910444      2270.405457732     -4561.512368177
   235 -2291.106912086      2270.409086570     -4561.515998655
   236 -2291.106914616      2270.407604756     -4561.514519372
   237 -2291.106915731      2270.407481594     -4561.514397325
   238 -2291.106915198      2270.410654036     -4561.517569234
   239 -2291.106917473      2270.408917061     -4561.515834534
   240 -2291.106921710      2270.407765907     -4561.514687617
   241 -2291.106922931      2270.407498627     -4561.514421558
   242 -2291.106924618      2270.408325107     -4561.515249725
   243 -2291.106925506      2270.409522416     -4561.516447923
   244 -2291.106926465      2270.412223769     -4561.519150235
   245 -2291.106927210      2270.411958992     -4561.518886202
   246 -2291.106929550      2270.409777821     -4561.516707371
   247 -2291.106932177      2270.407978841     -4561.514911017
   248 -2291.106934268      2270.407973562     -4561.514907830
   249 -2291.106936286      2270.408296877     -4561.515233162
   250 -2291.106938820      2270.408685690     -4561.515624510
   251 -2291.106942337      2270.409731832     -4561.516674169
   252 -2291.106945121      2270.410113421     -4561.517058543
   253 -2291.106946908      2270.411693724     -4561.518640632
   254 -2291.106948968      2270.413312005     -4561.520260973
   255 -2291.106950083      2270.414357886     -4561.521307970
   256 -2291.106950867      2270.414504185     -4561.521455052
   257 -2291.106952627      2270.414416849     -4561.521369476
   258 -2291.106954310      2270.411392117     -4561.518346427
   259 -2291.106955483      2270.412131470     -4561.519086953
   260 -2291.106957659      2270.410584346     -4561.517542006
   261 -2291.106959312      2270.412089669     -4561.519048981
   262 -2291.106960586      2270.408790564     -4561.515751150
   263 -2291.106961732      2270.408638075     -4561.515599808
   264 -2291.106962678      2270.407609552     -4561.514572231
   265 -2291.106964933      2270.409232884     -4561.516197818
   266 -2291.106966024      2270.408020124     -4561.514986148
   267 -2291.106967364      2270.408361911     -4561.515329275
   268 -2291.106968555      2270.408434262     -4561.515402817
   269 -2291.106969592      2270.409135063     -4561.516104655
   270 -2291.106971325      2270.410551902     -4561.517523227
   271 -2291.106972974      2270.411658405     -4561.518631379
   272 -2291.106974043      2270.413142843     -4561.520116886
   273 -2291.106976061      2270.413956029     -4561.520932091
   274 -2291.106978580      2270.416067854     -4561.523046434
   275 -2291.106980699      2270.416424302     -4561.523405001
   276 -2291.106982242      2270.416682678     -4561.523664920
   277 -2291.106983842      2270.417125689     -4561.524109531
   278 -2291.106985947      2270.417615272     -4561.524601219
   279 -2291.106987836      2270.414548643     -4561.521536480
   280 -2291.106988626      2270.413352154     -4561.520340780
   281 -2291.106989964      2270.412114640     -4561.519104604
   282 -2291.106990787      2270.411158105     -4561.518148892
   283 -2291.106993582      2270.412631752     -4561.519625334
   284 -2291.107000305      2270.411727014     -4561.518727319
   285 -2291.107002823      2270.408838969     -4561.515841792
   286 -2291.107006406      2270.402467067     -4561.509473473
   287 -2291.107008106      2270.400479136     -4561.507487242
   288 -2291.107010403      2270.398855472     -4561.505865875
   289 -2291.107012113      2270.400498434     -4561.507510547
   290 -2291.107013280      2270.402072655     -4561.509085935
   291 -2291.107014565      2270.404314296     -4561.511328861
   292 -2291.107015760      2270.404277334     -4561.511293094
   293 -2291.107017028      2270.405273726     -4561.512290754
   294 -2291.107017774      2270.403977257     -4561.510995031
   295 -2291.107018870      2270.403460584     -4561.510479454
   296 -2291.107020026      2270.403840902     -4561.510860929
   297 -2291.107021162      2270.403932716     -4561.510953878
   298 -2291.107023096      2270.406159070     -4561.513182166
   299 -2291.107024679      2270.408036579     -4561.515061257
   300 -2291.107028536      2270.409300106     -4561.516328642
   301 -2291.107029456      2270.410035888     -4561.517065343
   302 -2291.107032260      2270.409062722     -4561.516094982
   303 -2291.107034160      2270.409116833     -4561.516150992
   304 -2291.107035370      2270.408660783     -4561.515696153
   305 -2291.107036817      2270.409049241     -4561.516086058
   306 -2291.107038210      2270.408568924     -4561.515607134
   307 -2291.107038821      2270.409456200     -4561.516495021
   308 -2291.107040067      2270.409479630     -4561.516519697
   309 -2291.107042425      2270.410991824     -4561.518034249
   310 -2291.107043559      2270.411231060     -4561.518274619
   311 -2291.107044868      2270.410698632     -4561.517743500
   312 -2291.107045783      2270.411475821     -4561.518521604
   313 -2291.107046395      2270.411092709     -4561.518139104
   314 -2291.107047124      2270.411273015     -4561.518320139
   315 -2291.107048140      2270.410412990     -4561.517461130
   316 -2291.107048929      2270.409782766     -4561.516831695
   317 -2291.107049513      2270.409693317     -4561.516742830
   318 -2291.107050357      2270.410228189     -4561.517278546
   319 -2291.107050753      2270.411048353     -4561.518099105
   320 -2291.107051242      2270.411545193     -4561.518596435
   321 -2291.107051370      2270.412910654     -4561.519962025
   322 -2291.107051570      2270.418194621     -4561.525246191
   323 -2291.107052312      2270.414194598     -4561.521246910
   324 -2291.107052874      2270.411982750     -4561.519035624
   325 -2291.107053255      2270.409545887     -4561.516599142
   326 -2291.107053473      2270.409315575     -4561.516369048
   327 -2291.107053618      2270.409937911     -4561.516991529
   328 -2291.107053740      2270.410819763     -4561.517873503
   329 -2291.107053590      2270.411671572     -4561.518725162
   330 -2291.107053363      2270.411847873     -4561.518901236
   331 -2291.107053055      2270.411518581     -4561.518571636
   332 -2291.107052686      2270.410266753     -4561.517319440
   333 -2291.107052818      2270.409381522     -4561.516434340
   334 -2291.107052958      2270.407803353     -4561.514856310
   335 -2291.107054468      2270.407539294     -4561.514593762
   336 -2291.107055141      2270.406935639     -4561.513990780
   337 -2291.107056390      2270.406890937     -4561.513947327
   338 -2291.107056676      2270.406948598     -4561.514005274
   339 -2291.107056824      2270.407251068     -4561.514307892
   340 -2291.107057236      2270.407245141     -4561.514302377
   341 -2291.107057479      2270.407303720     -4561.514361199
   342 -2291.107057914      2270.407894271     -4561.514952185
   343 -2291.107058035      2270.408092290     -4561.515150325
   344 -2291.107057890      2270.409002798     -4561.516060687
   345 -2291.107057776      2270.409395042     -4561.516452817
   346 -2291.107057749      2270.409713384     -4561.516771133
   347 -2291.107058151      2270.410050757     -4561.517108908
   348 -2291.107058017      2270.410020848     -4561.517078865
   349 -2291.107058166      2270.409862852     -4561.516921019
   350 -2291.107059016      2270.408612435     -4561.515671451
   351 -2291.107059027      2270.408204012     -4561.515263039
   352 -2291.107058778      2270.407897743     -4561.514956521
   353 -2291.107058489      2270.408060102     -4561.515118591
   354 -2291.107057957      2270.408159940     -4561.515217897
   355 -2291.107058110      2270.408680211     -4561.515738321
   356 -2291.107058190      2270.408496285     -4561.515554474
   357 -2291.107058623      2270.408180537     -4561.515239160
   358 -2291.107059066      2270.407587211     -4561.514646277
   359 -2291.107059614      2270.406867962     -4561.513927576
   360 -2291.107060074      2270.406358172     -4561.513418247
   361 -2291.107060317      2270.405803245     -4561.512863562
   362 -2291.107060188      2270.406364109     -4561.513424296
   363 -2291.107060098      2270.407093841     -4561.514153938
   364 -2291.107059966      2270.407710304     -4561.514770270
   365 -2291.107060461      2270.408298899     -4561.515359360
   366 -2291.107060719      2270.408326579     -4561.515387299
   367 -2291.107061262      2270.408069503     -4561.515130765
   368 -2291.107061358      2270.407773914     -4561.514835272
   369 -2291.107061431      2270.407664961     -4561.514726392
   370 -2291.107061084      2270.407801857     -4561.514862940
   371 -2291.107061140      2270.408221735     -4561.515282875
   372 -2291.107060660      2270.408959016     -4561.516019676
   373 -2291.107060782      2270.409047230     -4561.516108012
   374 -2291.107061232      2270.408792804     -4561.515854035
   375 -2291.107061203      2270.408980279     -4561.516041482
   376 -2291.107061169      2270.408979868     -4561.516041037
   377 -2291.107061568      2270.408870831     -4561.515932399
   378 -2291.107061807      2270.408616299     -4561.515678106
   379 -2291.107062115      2270.408651547     -4561.515713661
   380 -2291.107062225      2270.408632543     -4561.515694767
   381 -2291.107062561      2270.408437096     -4561.515499657
   382 -2291.107062420      2270.408103002     -4561.515165421
   383 -2291.107062559      2270.408468493     -4561.515531051
$end
