85
NoName  0.000000
C -4.0995 -1.1545  0.1928
C -3.4032 -1.4660 -0.9355
C -4.8770  5.7318  0.6473
C -5.4704  6.8984  0.1353
C -2.2305  4.0322  1.4412
C -2.0269 -1.0290  0.6711
C  2.1358 -4.1253  3.4931
C -4.0491  2.6158  0.3483
C -5.0877  7.3935 -1.1167
C -3.9088  5.0831 -0.1072
C -3.1046  3.8255  0.1854
C  1.5344 -5.3781  1.3522
C -3.5346  5.5894 -1.3613
C  2.6497 -4.7888  2.2152
C -4.1114  6.7460 -1.8878
C -2.2443  3.7140 -1.0838
C -0.8720  1.7056 -0.5826
C  0.5846 -0.2357  0.1854
C  2.1335 -2.0645  0.7644
C  4.7355 -5.7847  2.2223
C  5.6690 -6.7647  2.5426
C  3.6292 -3.9245  1.4349
C -1.2727  2.7837 -1.4041
C  0.1928  0.8189 -0.7010
C  1.8400 -0.8558  0.0811
C  3.3627 -2.6998  0.7904
C  4.8694 -4.5668  1.4713
C -1.8848  4.9959 -3.1841
C  1.0820  0.9438 -1.9221
C  2.9307 -0.2470 -0.7790
C  2.5505  1.0579 -1.4871
C  3.5364  1.4599 -2.6285
C  3.2415  2.9075 -3.0631
C  3.4062  0.5335 -3.8507
C  4.9840  1.4041 -2.1063
N -3.1994 -0.8689  1.2109
O -2.0699 -1.4018 -0.6271
S -0.4899 -0.8397  1.4948
O  3.4803 -5.9201  2.6451
C  7.0267 -6.6891  2.1249
N -2.5468  4.7588 -1.9138
C  5.2685 -7.8907  3.3177
C  6.0407 -4.0610  0.8548
N  8.1433 -6.6570  1.7992
N  4.9512 -8.8139  3.9509
N  6.9567 -3.5804  0.3233
H -5.1768 -1.1051  0.3400
H -3.6620 -1.7343 -1.9556
H -5.1755  5.3454  1.6252
H -6.2336  7.4204  0.7168
H -1.6314  3.1384  1.6658
H -1.5432  4.8802  1.3031
H -2.8730  4.2441  2.3096
H  1.4541 -3.2974  3.2574
H  1.5895 -4.8689  4.0914
H  2.9740 -3.7342  4.0877
H -3.4950  1.6879  0.5468
H -4.7305  2.7920  1.1947
H -4.6567  2.4702 -0.5572
H -5.5559  8.3009 -1.5062
H  0.8329 -4.5947  1.0347
H  1.9535 -5.8602  0.4573
H  0.9812 -6.1277  1.9365
H -3.8236  7.1427 -2.8625
H -1.5023  1.5071  0.2864
H  1.3007 -2.5306  1.2888
H -0.7640  2.9195 -2.3545
H  4.2161 -2.2399  0.2873
H -2.2701  5.9190 -3.6301
H -0.7994  5.0960 -3.0277
H -2.0744  4.1638 -3.8811
H  0.9616  0.0517 -2.5623
H  0.7728  1.8143 -2.5155
H  3.8167 -0.0874 -0.1445
H  3.2297 -1.0038 -1.5244
H  2.5986  1.8693 -0.7379
H  3.9478  3.2258 -3.8465
H  3.3434  3.6034 -2.2139
H  2.2256  3.0184 -3.4727
H  4.1562  0.8034 -4.6115
H  3.5733 -0.5230 -3.5866
H  2.4140  0.6132 -4.3212
H  5.0979  2.0009 -1.1862
H  5.3067  0.3751 -1.8869
H  5.6777  1.8111 -2.8595