103
Energy =
C     3.0387206    4.5911223    0.7627726 
C     4.2918954    4.0751788    0.6279747 
C     2.9886099    3.2297138   -0.8737002 
C     6.0944530    2.9302055   -5.4515190 
C     7.4146548    3.1826807   -3.2804267 
C     7.2255437    2.3814723   -4.5741150 
C    -1.2365962    0.6249862    0.9341327 
C     0.8715563    0.5520538   -0.3945670 
C     2.9376460    0.5954708   -1.7632802 
C     5.0360935    0.6759132   -3.0644407 
C     9.0584957    1.3723437   -5.5635713 
C    10.2412680    1.3404882   -6.2821784 
C     7.1618751    0.8737570   -4.3503566 
C    -0.0778593   -0.0007089    0.4986133 
C     2.0396873   -0.0519802   -0.8411019 
C     4.0505193   -0.0424312   -2.3148531 
C     6.1636169    0.1416356   -3.6474128 
C     8.2802427    0.3132041   -4.9554235 
C     2.4687552   -1.4270898   -0.3715452 
C     4.2591229   -1.5307578   -2.0965312 
C     3.0387007   -2.2668087   -1.5280425 
C     3.3027941   -3.7714162   -1.1694475 
C     1.9553841   -4.4738327   -0.8978371 
C     4.2043484   -3.9261063    0.0723042 
C     3.9706355   -4.4854853   -2.3637544 
N     2.2193863    4.0328816   -0.2023120 
O     4.2725362    3.2105108   -0.4259031 
S     2.5609358    2.2924101   -2.3020656 
O     8.4553458    2.5449433   -5.3437187 
C    10.9436754    0.1294969   -6.5622372 
C    10.7967194    2.5631788   -6.7738277 
C     8.5657671   -1.0798713   -4.9488491 
N    11.5475912   -0.8318252   -6.8136510 
N    11.2568453    3.5516969   -7.1774892 
N     8.7140516   -2.2312723   -4.8880033 
C    -2.9883211    2.0696923    1.3399275 
C    -3.3097506    0.8233120    1.9140140 
N    -2.2302116   -0.0333642    1.6762725 
C    -3.8256502    3.1975696    1.3896021 
C    -5.0817917    3.0183130    2.0477090 
C    -5.4018218    1.7859196    2.5978523 
C    -4.5286627    0.6587643    2.5532797 
C    -1.7115696    2.0124501    0.7401536 
C    -1.2072023    3.1878978    0.1836409 
C    -2.0253134    4.3472299    0.2132725 
C    -3.2960899    4.3696399    0.7815982 
C    -2.2470256   -1.4339283    2.0726200 
C    -1.9221121   -1.7007230    3.5610585 
C    -2.2076102   -3.1794192    3.9023009 
C    -0.4797918   -1.2867505    3.9130516 
C    -3.6883320   -3.5696309    3.9522609 
C    -0.1866345   -1.1637504    5.4134047 
C     1.2560764   -0.7453162    5.7192896 
C     1.5470620   -0.6074129    7.2147381 
H     2.6704629    5.3132512    1.4894460 
H     5.2349554    4.1960985    1.1537713 
H     5.1328188    2.9189505   -4.9195290 
H     6.3282954    3.9683786   -5.7312836 
H     5.9942513    2.3359536   -6.3717381 
H     6.5133311    3.1443288   -2.6532276 
H     8.2615120    2.7850977   -2.7011944 
H     7.6276521    4.2327557   -3.5317109 
H     0.6530796    1.5378417   -0.8032419 
H     4.8660703    1.7484075   -3.1463290 
H     0.0916853   -1.0170874    0.8538475 
H     6.3435578   -0.9347895   -3.5883068 
H     3.2387341   -1.3118171    0.4138763 
H     1.6245870   -1.9458292    0.0981281 
H     4.5498216   -1.9769613   -3.0593511 
H     5.1321680   -1.6663496   -1.4313085 
H     2.2695135   -2.2768259   -2.3236828 
H     2.1131455   -5.5444410   -0.6891888 
H     1.2839309   -4.3996055   -1.7694795 
H     1.4281453   -4.0500645   -0.0284631 
H     4.4162821   -4.9918403    0.2578133 
H     5.1756399   -3.4205377   -0.0524049 
H     3.7294582   -3.5254127    0.9818885 
H     3.3947243   -4.3401724   -3.2933707 
H     4.9985573   -4.1343750   -2.5426064 
H     4.0285302   -5.5699900   -2.1770656 
H    -5.7856379    3.8513808    2.1191176 
H    -6.3663798    1.6657414    3.0987365 
H    -4.8294644   -0.2824812    3.0160680 
H    -0.2051310    3.2755114   -0.2376189 
H    -1.6264875    5.2642987   -0.2282153 
H    -3.8820538    5.2929708    0.7726377 
H    -3.2497094   -1.8245526    1.8364892 
H    -1.5460370   -1.9902888    1.4329062 
H    -2.6062379   -1.0736521    4.1633573 
H    -1.6754412   -3.8218943    3.1752715 
H    -1.7561571   -3.4083249    4.8811291 
H     0.2234817   -2.0108022    3.4579120 
H    -0.2591119   -0.3140077    3.4419602 
H    -3.8065668   -4.6276341    4.2357504 
H    -4.2338673   -2.9660600    4.6972957 
H    -4.1972394   -3.4398870    2.9829058 
H    -0.8808941   -0.4254391    5.8570601 
H    -0.3960416   -2.1193614    5.9274277 
H     1.9491708   -1.4833022    5.2748501 
H     1.4723997    0.2120282    5.2101446 
H     2.5915859   -0.3082226    7.3982062 
H     0.8968845    0.1515663    7.6822827 
H     1.3762008   -1.5589501    7.7465114 