$coord
    5.74234970325849      8.67596375166195      1.44143130936872      c
    8.11050686154117      7.70097184088110      1.18670019619403      c
    5.64765420434521      6.10327454292437     -1.65105409303076      c
   11.51684704940390      5.53728588387212    -10.30187787319375      c
   14.01166688064187      6.01439486513223     -6.19910803490990      c
   13.65429869451515      4.50033042038262     -8.64382461254261      c
   -2.33682814475295      1.18105274967059      1.76525496705721      c
    1.64700270919218      1.04323048805893     -0.74562356781522      c
    5.55134639110240      1.12527672721181     -3.33211665897535      c
    9.51683745300803      1.27729083201940     -5.79095364815648      c
   17.11807597410020      2.59335374185559    -10.51362603182816      c
   19.35319168889391      2.53315557129257    -11.87159664203972      c
   13.53398247777680      1.65116142947464     -8.22098251845814      c
   -0.14713275325508     -0.00133962684975      0.94224257909587      c
    3.85445037687740     -0.09822834190327     -1.58945223390237      c
    7.65437213951089     -0.08018334713922     -4.37443837774095      c
   11.64754787811490      0.26765249349705     -6.89261125545443      c
   15.64739094843183      0.59186997010990     -9.36439324653447      c
    4.66527119674572     -2.69680887724697     -0.70211867091931      c
    8.04857581212187     -2.89271300513467     -3.96186977973302      c
    5.74231209770862     -4.28364761991898     -2.88758183178847      c
    6.24137629502986     -7.12694371997685     -2.20993549212830      c
    3.69514041744785     -8.45431853039505     -1.69666622352824      c
    7.94506700850856     -7.41926564316782      0.13663513566017      c
    7.50341363571651     -8.47633875303486     -4.46684844187911      c
    4.19403227174653      7.62104171704257     -0.38231427172529      n
    8.07392327554932      6.06698613215318     -0.80484021462910      o
    4.83946728474940      4.33202725432597     -4.35027350492230      s
   15.97828785100478      4.80924583970132    -10.09816483004126      o
   20.68054930280438      0.24471367498805    -12.40083107283107      c
   20.40284271043387      4.84370594044693    -12.80067916840370      c
   16.18695386632992     -2.04066100684359     -9.35196943110073      c
   21.82178476713865     -1.57192181156206    -12.87593429878250      n
   21.27235464428082      6.71173441868236    -13.56348885045932      n
   16.46717095985699     -4.21649355646383     -9.23698753326698      n
   -5.64710845144042      3.91115160924680      2.53209600185450      c
   -6.25452217481582      1.55583419511789      3.61696225869947      c
   -4.21448912396344     -0.06304920036724      3.16769593524175      n
   -7.22943112661980      6.04253080842917      2.62596739120483      c
   -9.60319453539640      5.70378492839758      3.86960919293131      c
  -10.20796377603300      3.37489892460121      4.90922935922914      c
   -8.55793221380828      1.24488410768081      4.82499935256665      c
   -3.23439778723528      3.80297952847574      1.39868759415581      c
   -2.28128172401832      6.02425375529702      0.34703100627979      c
   -3.82728764253464      8.21507391178428      0.40302661491425      c
   -6.22870719314514      8.25742267423714      1.47700653750048      c
   -4.24626297902290     -2.70973176935022      3.91668416042186      c
   -3.63226544982930     -3.21390068385191      6.72942527877066      c
   -4.17177866793032     -6.00823152337677      7.37427995688066      c
   -0.90667509884122     -2.43160603572527      7.39459583552867      c
   -6.96993733669322     -6.74562476700140      7.46869067406696      c
   -0.35268809040647     -2.19916953342369     10.22985228476193      c
    2.37364038760589     -1.40844349424681     10.80789097142047      c
    2.92352347781579     -1.14784402556470     13.63387906990289      c
    5.04644350697390     10.04058959933922      2.81464501741935      h
    9.89263198063075      7.92947695695301      2.18031176745344      h
    9.69962177933030      5.51601701633945     -9.29656247215409      h
   11.95874514172909      7.49914871282584    -10.83055634655923      h
   11.32749327918198      4.41431254383362    -12.04083994684337      h
   12.30841193800751      5.94192027777320     -5.01387351029813      h
   15.61199505530930      5.26307188332515     -5.10451762537283      h
   14.41417344292662      7.99874902544864     -6.67396635235559      h
    1.23414158158015      2.90609963602891     -1.51790720282404      h
    9.19554017017556      3.30401132924163     -5.94570010796768      h
    0.17326010665415     -1.92201663080770      1.61353792719640      h
   11.98758689773358     -1.76649613917586     -6.78091710313230      h
    6.12032043948633     -2.47897504460082      0.78211285647345      h
    3.07002449562741     -3.67708427329966      0.18543523412989      h
    8.59791673990662     -3.73591541598412     -5.78133569807259      h
    9.69839194556839     -3.14894437187970     -2.70478106484892      h
    4.28875895114087     -4.30257738445458     -4.39112409250356      h
    3.99326625648539    -10.47747500414623     -1.30237808015949      h
    2.42627776394428     -8.31404945139722     -3.34383163813975      h
    2.69880348317151     -7.65351269206941     -0.05378746365784      h
    8.34556365808716     -9.43321102486974      0.48719652828598      h
    9.78054193068551     -6.46387945195735     -0.09903090858840      h
    7.04765459123980     -6.66206447927747      1.85550034991961      h
    6.41509919561193     -8.20173716965973     -6.22356864986706      h
    9.44590431524885     -7.81283644649967     -4.80482973872068      h
    7.61281876278388    -10.52575561690429     -4.11405773934408      h
  -10.93327108725498      7.27805491364210      4.00455188987426      h
  -12.03071422734978      3.14779504045070      5.85576331738142      h
   -9.12636504463012     -0.53381210335564      5.69954249324780      h
   -0.38764140967061      6.18981946408953     -0.44903464303484      h
   -3.07361592012726      9.94808278122348     -0.43126441444931      h
   -7.33601848306274     10.00226519764136      1.46007364656077      h
   -6.14106075062194     -3.44790471397387      3.47046161883308      h
   -2.92158650853805     -3.76110074091007      2.70780028027824      h
   -4.92507584661981     -2.02890842212932      7.86760505596141      h
   -3.16612500591435     -7.22233350426832      6.00039350632966      h
   -3.31865595081703     -6.44080060474252      9.22399717794107      h
    0.42231920686578     -3.79986544879497      6.53450664305695      h
   -0.48965052663142     -0.59338855402365      6.50436210986214      h
   -7.19336872709312     -8.74496105397906      8.00440818827406      h
   -8.00084964500877     -5.60504106920751      8.87660239938229      h
   -7.93163294548859     -6.50044432966057      5.63687501755773      h
   -1.66464859379871     -0.80396338170728     11.06823948447323      h
   -0.74841015795859     -4.00501260510345     11.20121497652044      h
    3.68339898211771     -2.80303491805488      9.96802203745486      h
    2.78243217898115      0.40067522869738      9.84574636369788      h
    4.89738757944179     -0.58245629942008     13.98058353150835      h
    1.69486607042192      0.28641879672287     14.51741031495060      h
    2.60064260449088     -2.94598873095796     14.63878496729135      h
$user-defined bonds
$end
