$coord
    1.77819656744909     -0.01193116383305     -4.08293168240014      o
   -6.62725383433574     -0.01748110048846     -0.64881308742325      n
    1.15851285234650      0.01483416110570    -10.66746561207214      n
   -6.59309174339998      0.01087745254596     -7.62049577516517      n
   -0.00731928722590      0.02640230855021     15.13967539593943      n
   -0.73488973445473     -0.00902382019031     -4.34844462797889      c
   -1.90163461174532     -0.01676697298597     -1.86867287484393      c
   -0.01451082896578     -0.02145954089864     -0.05113466612409      c
    2.51713995341376     -0.01714246156693     -1.42803107244639      c
   -1.77711469924275      0.00121830643255     -6.74432463542766      c
   -0.14796461069514      0.00861696215568     -8.90144303826311      c
   -4.44085563698011      0.00607169003842     -7.17909808231778      c
   -4.52899737672058     -0.01713584752549     -1.29756740436403      c
    0.29892330346213      0.00939118294894     12.56657517176974      c
    2.73941993368593      0.00856027037194     11.43957803789408      c
    4.43123466333442      0.01972685101497     12.61164457292423      h
    3.01449527140050     -0.00555277124460      8.83624162881254      c
    4.92282707253150     -0.00414587014482      8.04002177784614      h
    0.91969228827809     -0.01928748969099      7.17474585408016      c
   -1.50647643846879     -0.02202608079080      8.30654837251813      c
   -3.19712860860541     -0.03452000506376      7.12235017371311      h
   -1.81944664313310     -0.00804626486604     10.90100968285537      c
   -3.73295648281819     -0.00985718941127     11.65801166961218      h
    2.18513548235916      0.04944166048903     16.79182439628680      c
    5.68020908321198      2.40884938681469     -2.31969588770710      h
    4.78569607273623      2.50253463814175      0.93456405493367      h
    2.90523810988869      4.08211059639899     -1.37653263404331      h
   -2.52555717151807      0.03118463845380     16.23674644896030      c
   -2.37308518607047      0.04058772667732     18.30436685561564      h
    4.06514765881390      2.39658071789578     -1.01035908006629      c
   -3.62215560403517      1.71559239758420     15.67072282997474      h
   -0.45058365153919     -0.02644010307270      2.61139571305784      c
   -2.44684497616687     -0.02914052170479      3.14742692180163      h
    1.34251454023825     -0.02366976457400      4.47735475221419      c
    3.33631846501346     -0.02081476634492      3.93154402180286      h
    4.06738150406582     -2.43062375608569     -1.01870618933137      c
    2.90967821039111     -4.11571257251141     -1.39372460643471      h
    4.78462081857132     -2.54365734628496      0.92710171544014      h
    5.68462329446649     -2.43582919566859     -2.32536355430007      h
    3.37270192900872      1.74018756104143     16.49019330426070      h
    1.55646139521866      0.05959345820314     18.76706440750414      h
    3.38981056447802     -1.63297772881304     16.51366767115341      h
   -3.62080482780128     -1.65915704968054     15.68680874566539      h
$user-defined bonds
$end
