99
Energy =
C     5.8198938    3.3131930    3.1346810 
C     6.4170322    2.1868616    3.6117345 
C     6.5100893    2.2123181    1.4577726 
C    11.7818394    1.8688870   -0.8477143 
C    11.6932550    1.4067252    1.6605372 
C    12.1403024    0.8994218    0.2843904 
C     1.8503800    0.5039905   -0.0974800 
C     4.3313816    0.1477102   -0.0498067 
C     6.7957590   -0.1010440   -0.0489251 
C     9.2530495   -0.3625913   -0.0461893 
C    14.0408309   -0.4104949    0.1171862 
C    15.4026721   -0.6598830    0.1257476 
C    11.7414673   -0.5459841    0.0056216 
C     2.9786451   -0.2705053    0.1218772 
C     5.4615946   -0.6439402    0.0575608 
C     7.9309938   -0.9060907   -0.1432169 
C    10.4278181   -1.0747897   -0.1395344 
C    12.9103458   -1.2920518   -0.0854202 
C     5.3921973   -2.1384982    0.2948153 
C     7.7902615   -2.4081076   -0.3209371 
C     6.3662069   -2.8905788   -0.6298639 
C     6.2023887   -4.4506471   -0.6199016 
C     7.2846940   -5.0961734   -1.5109693 
C     4.8257374   -4.8219276   -1.2114252 
C     6.3088685   -5.0401817    0.8012837 
N     5.8813202    3.3077232    1.7511183 
O     6.8772615    1.4769138    2.5379034 
S     7.0074658    1.6941655   -0.1512150 
O    13.5984507    0.8340578    0.3237383 
C    15.9505978   -1.9615756   -0.0838245 
C    16.3149643    0.4178330    0.3523817 
C    12.9348634   -2.6915083   -0.3368974 
N    16.4394856   -3.0035997   -0.2492090 
N    17.0679074    1.2848093    0.5347748 
N    12.8527126   -3.8321753   -0.5456002 
C     0.5279298    0.0031707    0.3230711 
C     1.9165797    1.8244093   -0.7616791 
C     1.2203713    2.9384936   -0.2452027 
C     1.2950753    4.1940258   -0.8340750 
C     2.0635091    4.4101609   -2.0093238 
C     2.7399924    3.2855059   -2.5495714 
C     2.6682525    2.0403137   -1.9356455 
C    -0.6476292    0.3342987   -0.3874466 
C    -1.8933395   -0.1708369   -0.0382374 
C    -2.0482390   -1.0430641    1.0714587 
C    -0.8731170   -1.3645324    1.8026880 
C     0.3649228   -0.8572769    1.4321170 
N    -3.2796290   -1.5493977    1.4262213 
N     2.1428111    5.6528615   -2.6005246 
C     2.9690452    5.8477945   -3.7762486 
C     1.4420198    6.7817404   -2.0201125 
C    -3.3966914   -2.4643894    2.5451924 
C    -4.4621149   -1.1847221    0.6700722 
H     5.3416090    4.1192349    3.6889259 
H     6.5838921    1.7581860    4.5957957 
H    10.6960882    2.0298852   -0.9061445 
H    12.2702173    2.8372440   -0.6616829 
H    12.1329769    1.4816869   -1.8155573 
H    10.6021620    1.5311926    1.7026929 
H    11.9955823    0.7022349    2.4493127 
H    12.1675332    2.3795084    1.8597153 
H     4.4879859    1.2048933   -0.2734774 
H     9.3038604    0.7085776    0.1463778 
H     2.8067877   -1.2851203    0.4878129 
H    10.3901085   -2.1483559   -0.3398333 
H     5.6524831   -2.3469043    1.3493055 
H     4.3666902   -2.4951374    0.1450015 
H     8.1686654   -2.8997196    0.5942612 
H     8.4735051   -2.7197545   -1.1261183 
H     6.1327616   -2.5708574   -1.6626379 
H     7.0966269   -6.1767245   -1.6193842 
H     8.2962575   -4.9862778   -1.0911431 
H     7.2864806   -4.6570555   -2.5229287 
H     4.7116239   -5.9168361   -1.2628043 
H     3.9895902   -4.4377312   -0.6064455 
H     4.7106706   -4.4264385   -2.2344834 
H     5.4999004   -4.6850975    1.4596774 
H     6.2381126   -6.1395286    0.7625120 
H     7.2696466   -4.7962184    1.2833249 
H     0.6234703    2.8198178    0.6624907 
H     0.7560815    5.0187289   -0.3690688 
H     3.3249942    3.3797451   -3.4636878 
H     3.1887553    1.1983380   -2.3978966 
H    -0.5754352    0.9878701   -1.2594078 
H    -2.7547473    0.1099566   -0.6434034 
H    -0.9294846   -2.0065668    2.6811595 
H     1.2328573   -1.1118743    2.0451816 
H     4.0299363    5.6006841   -3.5853709 
H     2.6312793    5.2315994   -4.6301951 
H     2.9208494    6.8998605   -4.0855918 
H     0.3494725    6.6162962   -1.9793224 
H     1.7845648    7.0043889   -0.9920390 
H     1.6199279    7.6750150   -2.6325419 
H    -2.7867058   -3.3757087    2.4029637 
H    -3.0850917   -2.0004501    3.4996328 
H    -4.4431858   -2.7770689    2.6523665 
H    -4.6387127   -0.0934474    0.6771164 
H    -4.3983208   -1.5047873   -0.3867583 
H    -5.3420985   -1.6681085    1.1135271 