37
 generated by VMD
 C        -7.226624        3.031802       -0.227926
 C        -5.969005        3.674652       -0.219587
 C        -4.782720        2.967811       -0.143270
 C        -4.785450        1.559585       -0.064240
 C        -3.572223        0.808556        0.045221
 C        -3.584315       -0.555325        0.128016
 C        -4.807675       -1.306727        0.097588
 C        -4.829297       -2.737361        0.172775
 C        -6.088182       -3.379748        0.154384
 C        -7.277987       -2.673037        0.079559
 C        -7.285213       -1.267578       -0.002232
 C        -8.497101       -0.516119       -0.110152
 C        -8.491831        0.847549       -0.192998
 C        -7.266982        1.600765       -0.161708
 C        -6.033592        0.862682       -0.074877
 C        -6.038546       -0.571415        0.004822
 C        -8.456503        3.817781       -0.276443
 C        -3.595249       -3.516253        0.253754
 C        -8.554861        5.151722       -0.634751
 C        -3.499204       -4.784233        0.731118
 C        -9.889059        5.750401       -0.607368
 N        -2.374052       -5.568834        0.718685
 N       -10.847751        6.372711       -0.595820
 H        -5.925703        4.766417       -0.237644
 H        -3.828197        3.500532       -0.123555
 H        -2.623941        1.352553        0.070059
 H        -2.635713       -1.082709        0.230158
 H        -6.127721       -4.471138        0.164074
 H        -8.230010       -3.211237        0.058680
 H        -9.446306       -1.059476       -0.132245
 H        -9.446672        1.362836       -0.295644
 H        -9.209072        3.118329        0.018480
 H        -2.673063       -3.046317       -0.100178
 H        -8.069123        5.651014       -0.982541
 H        -4.377370       -5.284480        1.152805
 H        -2.312802       -6.331901        1.380875
 H        -1.486740       -5.138933        0.481315
