38
Coordinates from ORCA-job NO2_NH2_3
  C   -7.11705226439175      2.88130386720555     -0.25746870664192
  C   -5.85853375577449      3.52460536365438     -0.24192769455498
  C   -4.67593190088389      2.81655929271942     -0.14010913707533
  C   -4.68381958899900      1.40795051150458     -0.04951501053850
  C   -3.47360190478761      0.65430541080317      0.06801860541917
  C   -3.49006928403956     -0.70997976883768      0.15251038864374
  C   -4.71448837322248     -1.45861219906288      0.11952816100289
  C   -4.74015616721483     -2.88956906586072      0.19592120355231
  C   -6.00177854858601     -3.52757682619515      0.17912133606551
  C   -7.18897825140007     -2.81700170650223      0.10498697473505
  C   -7.19212505992980     -1.41139375117092      0.01928632566077
  C   -8.40196286744157     -0.65614236108664     -0.08137627041806
  C   -8.39260611590488      0.70744893059479     -0.17197815360831
  C   -7.16374067976235      1.45198351569501     -0.16762195028773
  C   -5.93301997487291      0.71277770661950     -0.06606055484551
  C   -5.94293099777582     -0.72022259254893      0.02242677260297
  C   -8.34045602776083      3.66122678381150     -0.36173953946201
  C   -3.50876220085765     -3.67143978772423      0.27561716582799
  C   -8.45358707727806      5.00168548771371     -0.45085192831045
  C   -3.41798401942523     -4.94584958719086      0.73805106547091
  N   -2.29387114061778     -5.72975378358692      0.72662008760369
  N   -9.76341479620835      5.62146731114318     -0.54831282016220
  O   -9.76970478477524      6.84568526501784     -0.62382807900044
  O   -10.76670857083485      4.91787272334080     -0.55084016531798
  H   -5.81453981313307      4.61329686171861     -0.31050523625668
  H   -3.71938085602245      3.34559298253288     -0.12789628228374
  H   -2.52382542569214      1.19535793688318      0.09618412059051
  H   -2.54302463603953     -1.23925216643518      0.25908401211942
  H   -6.04565845869949     -4.61869674254790      0.19110447768190
  H   -8.14280127671795     -3.35208326800630      0.08824176651468
  H   -9.35361280674502     -1.19525841280362     -0.08559894346713
  H   -9.34486569320634      1.23142653236150     -0.24720565131235
  H   -9.29797409271479      3.13807863467438     -0.37213036660015
  H   -2.58336306693416     -3.19903010044700     -0.06585544260053
  H   -7.65905328966071      5.74455197445981     -0.46119867311310
  H   -4.29978022211327     -5.45066561500573      1.14618926130121
  H   -2.24164455601764     -6.51076635526095      1.36809194872150
  H   -1.40319045355827     -5.30242300217993      0.49820693234289