$coord
    2.23335334908766     -0.61742678922368     -3.79424436036650  o
    2.58428740761807     -0.61460889016574    -10.39285674890054  n
   -5.27783338397871      1.38137843641352     -8.50551082477545  n
   -6.30259269065512      1.57356282133475     -1.61238987684708  n
   -0.00320508437212     -0.01409115599552     24.37194167286254  n
   -0.13614322232550      0.00521026103310     -4.41573201868229  c
   -1.60314829264122      0.36452812084736     -2.13198242844624  c
   -0.04917368614007     -0.05513253494318     -0.06006091713668  c
    2.56777915567577     -0.72970822611843     -1.06111169289555  c
   -0.79258104803156      0.20500840857637     -6.93860624657203  c
    1.07721185215730     -0.25036492766681     -8.83641061276684  c
   -3.28036551492720      0.85732827439358     -7.75523563716793  c
   -4.19961596874759      1.03440538801023     -1.94577631593257  c
    0.45176971265117     -0.15603531869050     21.81969631099984  c
    2.87457456593848     -0.80226446178810     20.85623019093067  c
    4.43529009289235     -1.19991504513958     22.13768049068831  h
    3.30179277252267     -0.93972224149699     18.27503513404990  c
    5.19223368959023     -1.44404444528821     17.60648766211035  h
    1.38620259103279     -0.44976324088252     16.47768194618931  c
   -1.02263022642590      0.19353553962966     17.44850153869957  c
   -2.57908719359527      0.59083483307010     16.15158533855526  h
   -1.48714176832995      0.33970611055880     20.01872105383558  c
   -3.38045204293287      0.84616873828498     20.64770790140604  h
    2.02127793959409     -0.49195813023810     26.16067384008022  c
    2.80947243781882     -2.41443720119537     25.95227907659137  h
    1.28935078141614     -0.31705406550312     28.09256545998311  h
    3.59531252060658      0.86548868379221     25.94804611153394  h
   -2.49183522680263      0.67706072673194     25.29847967243267  c
   -3.06131825514055      2.58694534768149     24.67303481499077  h
   -2.48058926954977      0.66732160014263     27.37172923333928  h
   -3.96105431798504     -0.66489977470221     24.66536812532226  h
   -0.82925121575416      0.13553248945374      2.50777352193280  c
   -2.81209933217803      0.66015341835986      2.78671278997888  h
    0.62118284664852     -0.25947079359007      4.62836428038278  c
    2.61031167298228     -0.79136934964769      4.42542221470396  h
   -0.28658784073927     -0.02148420827760      7.15039184570981  c
   -2.27026471838111      0.51578789889441      7.41400950057520  h
    1.19915717133587     -0.42418942194866      9.24026678129821  c
    3.18014250616898     -0.96214768555357      8.93565610812303  h
    0.38742462131647     -0.19950029442447     11.80163186850276  c
   -1.58638267185384      0.33808979507167     12.12025478917195  h
    1.96068804575140     -0.61776153008412     13.81126251519623  c
    3.91733477776283     -1.14656310463424     13.37097089627335  h
    4.60271069215073      1.22615397554338     -0.40902993453510  c
    6.33420245109409      0.79580894581940     -1.47686565435256  h
    5.04895391269302      1.20087388181020      1.61938533257591  h
    3.97011593712952      3.13873108615581     -0.92158922613119  h
    3.38223463855202     -3.44179610204390     -0.44907216995574  c
    1.89759782667733     -4.79197704289517     -0.99090139071829  h
    3.77098945555591     -3.67006164032664      1.57856265220320  h
    5.10960198530054     -3.89645689255536     -1.51355611392767  h
$user-defined bonds
$end
