$dipgrad          cartesian dipole gradients
  -.10194201106526D+01  0.19451476052357D+00  -.13793551151571D+00
  0.18994386895945D+00  -.35274491624290D+00  0.42395601681590D-01
  -.34927611775268D+00  0.96873208067504D-01  -.10558365589286D+01
  -.28286239281927D+00  -.82816608124451D-02  0.43041263337990D+00
  -.71428531236066D-02  -.30398093919897D+00  -.10605237310371D+00
  0.38557755918799D-01  -.80177234590610D-02  -.71836481114856D+00
  -.41664117991173D+00  0.36999157726802D-01  -.41981555217891D+00
  0.36634855379771D-01  -.29228407742275D+00  0.11262412912215D+00
  -.90742105348289D-01  0.23865033126500D-01  -.46268473397938D+00
  -.38163365535733D+00  0.30533306038427D-01  -.41445189835767D+00
  0.30801744206086D-01  -.27275790799715D+00  0.10851861850388D+00
  0.62308179237289D-01  -.16743935251845D-01  -.12981845134972D+00
  -.54132759505410D+00  0.90952642474203D-01  0.63286383175335D+00
  0.84854843476429D-01  -.23196977252712D+00  -.12569914494846D+00
  0.39788027807369D-01  -.36807479109456D-01  -.39664043052417D+01
  0.73968124720317D+00  -.15637990143082D+00  -.39266168761711D+00
  -.15295296879026D+00  0.20884873497317D+00  0.77482207673654D-01
  0.33691498838490D+00  -.10448443131550D+00  0.31866082476818D+01
  -.18601633901251D+00  0.47040865342726D-01  -.63669387292833D+00
  0.47893974699526D-01  -.24140657042114D-01  0.18590837462609D+00
  -.19024927200130D+00  0.55875136112500D-01  -.26516279936648D+01
  0.12355216327561D+00  -.52173827380374D-01  0.29536532606259D+00
  -.49116383329468D-01  -.44481756804169D-01  -.95707420602932D-01
  0.36899222690180D+00  -.10217094187668D+00  0.37579199617621D+01
  0.29396926077919D+00  0.28717259124403D-01  -.24203906776854D+00
  0.25631426240140D-01  0.39742902864935D+00  0.57013483681052D-01
  0.23699119936035D+00  -.65218916195954D-01  0.53678045764278D+00
  -.91942419033458D-01  0.13817316789722D-01  -.27942148851205D-01
  0.15448357298457D-01  -.47028485524609D-01  0.21023308783603D-01
  -.28109525620277D+00  0.82867678088898D-01  -.16523834606453D+01
  0.97540869433643D-01  0.14535066625654D-01  -.71211993774977D+00
  0.11726783559313D-01  0.13024490571491D+00  0.17815626627018D+00
  -.16648206868058D+00  0.39155000715708D-01  0.67140764200739D+00
  0.45135294689082D+00  -.81499355491899D-01  0.72818279863151D+00
  -.78936116201581D-01  0.17314058553591D+00  -.18726639633253D+00
  0.18190557666055D+00  -.46524752240042D-01  0.21584161307383D+00
  0.37476451595405D+00  -.58299725694404D-01  0.69781803829985D+00
  -.58071691877582D-01  0.16525175409561D+00  -.17820003063783D+00
  0.13901775172668D-01  -.26577038030965D-02  -.43754964572064D-01
  -.23911058415102D-01  0.38427556412545D-01  -.63111305324161D+00
  0.41634696812047D-01  0.13194623737779D+00  0.17734904773295D+00
  -.18260614264691D+00  0.67742206680490D-01  0.35035838397962D+01
  -.40220868620258D-01  -.31392585974308D-01  0.13729987222254D+01
  -.40095093468857D-01  -.17837815448810D+00  -.37583014952840D+00
  -.20164391562665D-01  0.16567277225391D-02  -.13369430026270D+01
  0.97318439467896D-02  0.28033786937180D-01  -.94585641024925D-01
  0.28072031731000D-01  0.11238029908970D+00  0.22539737677227D-01
  -.70726047227578D-01  0.17269332043418D-01  -.58734383795285D-01
  0.19274210001315D+00  -.71959491677314D-01  0.70949834739213D+00
  -.71188716207699D-01  -.63275433590003D-01  -.17577530337152D+00
  0.13316232895439D+00  -.28190946868967D-01  0.15703160485071D+01
  -.46570942367750D-01  0.39280383099485D-01  0.25942291199363D-01
  0.38946502440347D-01  0.90088889835611D-01  -.78529285592089D-02
  0.73090254342930D-01  -.20094128340913D-01  0.91837486149536D-01
  -.28463430867706D+00  0.64753283068637D-01  0.53482898338403D+00
  0.61863939106680D-01  -.65651289132476D-01  -.16331414000531D+00
  -.75190564522832D-01  0.11528414331113D-01  -.25741953716375D+01
  0.99939118812875D-01  -.46416580114551D-01  -.10869744575551D+01
  -.44548988545875D-01  -.55797365015573D-01  0.30462579481119D+00
  -.10896258307524D+00  0.34243089675683D-01  0.10799633663828D+01
  0.34035659647194D-02  0.24576172468893D-01  -.60542753576504D-01
  0.24139252555422D-01  0.91996301568204D-01  0.16047478819755D-01
  -.69164159798289D-01  0.17156938043943D-01  0.62804970685331D-01
  0.43061570109071D-03  -.48481620706354D-01  -.80657338984578D+00
  -.42450718349599D-01  -.15490347485382D+00  0.19155947843069D+00
  0.56579183998757D-01  -.21345802124166D-01  -.16926406630130D+01
  -.25892090290023D-01  0.38504567078700D-01  0.96463362735880D-01
  0.38229210724183D-01  0.10745661089906D+00  -.27527463298964D-01
  0.37978563768707D-01  -.10606338696032D-01  -.47669473811468D-03
  0.44096700087882D+00  -.39224893658575D-01  0.10218019614199D+01
  -.41605700503789D-01  0.24253844047656D+00  -.27084905755048D+00
  0.26143085891068D+00  -.60036874246458D-01  0.93395079952359D+00
  -.31631221603118D-01  0.56373910275225D-01  -.25889729440280D+00
  0.80537196732454D-01  -.11468452767082D+00  0.15044895300477D+00
  0.23129079665792D-02  -.42115862519905D-01  0.58546406715801D-02
  0.39700503346388D-01  0.10329692156297D-01  0.94263709299733D-01
  0.94223338893150D-02  0.84375380652959D-01  -.25302167634075D-01
  0.17969896519164D-01  -.46080304741846D-02  -.17273466043937D+00
  -.10889078801944D+00  -.64703084823806D-01  -.31919071702927D+00
  -.88590800849978D-01  -.44334607412392D-01  -.15814187437428D-01
  0.20637609603976D-01  0.36950956965912D-01  -.71746285453064D-02
  0.56661879590361D+00  -.98073637855461D-01  -.10729673754147D+01
  -.93031858105980D-01  0.26974435277302D+00  0.27419927491023D+00
  -.15276620834596D+00  0.41224794506663D-01  0.45708446768814D+00
  -.43479425660189D-01  0.40214184946830D-01  0.23853184532970D+00
  0.80591315685543D-01  -.11769453804815D+00  -.12500838560104D+00
  -.30605853539407D-01  0.73069909573419D-01  0.89512543198548D-01
  0.61685485600027D-01  0.78058061065086D-02  -.99309834962876D-02
  0.83259226589855D-02  0.84484027686254D-01  0.19045613415788D-02
  0.27009270823843D-01  -.66879550741181D-02  -.19098931251651D+00
  -.11065002437095D+00  -.39740406944669D-01  0.24974412645730D+00
  -.78374485260316D-01  -.42388624161907D-01  -.14577609969216D-01
  -.64365565890905D-01  -.46207661294872D-01  0.93719722611072D-01
  -.37492091724359D-01  -.23369339190957D-01  -.36451644674586D+00
  -.22956790237005D-01  -.12474864430864D+00  0.11737559179497D+00
  -.30158612889291D+00  0.82501982598625D-01  -.35953284180319D+01
  -.27680683266499D-02  0.31356842279090D-01  0.78143482987309D-01
  0.30921227889415D-01  0.10755296740589D+00  -.24257940155909D-01
  0.21569321580791D-01  -.50380024342068D-02  -.17889646843269D-01
  0.11947992107431D+00  -.48215122997865D-01  0.21802181819397D+00
  -.45454170600040D-01  -.39007091737537D-01  -.60879580491964D-01
  0.28428437744430D+00  -.77864254569508D-01  0.37092398718969D+01
  -.63868740036204D-01  0.45842891976363D-01  0.96381290905577D-01
  0.44998185193484D-01  0.95299311092030D-01  -.29660172054568D-01
  -.28696544655416D-02  0.10283539456728D-02  0.74895296853460D-01
  -.73524155790489D-02  -.36857767361308D-01  -.47542129207496D+00
  -.38266083612194D-01  -.13939238285636D+00  0.13312029319945D+00
  -.28106966128263D+00  0.73740875512347D-01  -.34998206028691D+01
  -.41181560507142D-01  0.43491427756393D-01  0.67016934610195D-01
  0.43478494236321D-01  0.10856313260776D+00  -.19772650529408D-01
  0.64681315815242D-02  -.15250725144708D-02  -.18290089955952D-01
  0.19160461355950D+00  -.68094508507495D-01  0.58741325749268D+00
  -.63548500463847D-01  -.30448957354667D-01  -.15023657887995D+00
  0.24928214126385D+00  -.63154725245682D-01  0.36133596655041D+01
  -.67061479102595D-01  0.45267586384295D-01  0.73221866496992D-01
  0.43961205017233D-01  0.86238731266858D-01  -.21307203712655D-01
  0.18678399418358D-01  -.52789153305635D-02  0.30774842205091D-01
  -.60180350313065D-01  -.22981939990368D-01  -.94685449416604D+00
  -.24254130213671D-01  -.13875587386737D+00  0.24030723479970D+00
  -.20818578394815D+00  0.51084739914327D-01  -.33995275618380D+01
  -.46051417304633D-01  0.43646179480616D-01  0.85674414970789D-01
  0.43795361820857D-01  0.10306928019436D+00  -.23395312801362D-01
  0.10288748029239D-01  -.30228777611384D-02  -.48320786419436D-02
  0.21918083048760D+00  -.73702753444466D-01  0.77390781310852D+00
  -.71416258875935D-01  -.29911179309963D-01  -.18745588575163D+00
  0.12613437978864D+00  -.24425281339765D-01  0.36217531921194D+01
  -.67965106884420D-01  0.44358298204908D-01  0.60900867502725D-01
  0.43315730451031D-01  0.82925742738000D-01  -.13976491388044D-01
  0.25249157123711D-01  -.73440322132125D-02  0.56113868354686D-01
  -.25043687082835D-01  -.20804181549248D-01  -.12061474483733D-01
  0.27920042928478D-01  -.44260665223309D-01  -.64585996226344D-01
  -.33020799864617D-02  0.30560012346950D-01  -.76484987724512D-01
  -.50674901918416D-01  0.65150092699314D-02  0.73263562862388D-01
  0.16873721743587D-01  0.50979764669304D-01  -.19941038842881D-01
  0.67383512216291D-01  -.22452437072325D-01  0.16720201569175D-01
  0.55256444880926D-01  -.50758024724830D-02  -.65324372891905D-01
  -.17208068905788D-01  0.55316170750177D-01  0.69515882569657D-02
  -.47610069897552D-01  0.39882192444186D-02  -.56411656363864D-01
  0.38079638814003D-01  0.43938313456675D-01  -.47191910544928D-01
  0.11676384625431D-01  -.60474451198168D-01  -.14030887578221D-02
  -.79905817742504D-02  0.31475619886985D-01  0.59336796790281D-01
  -.33074366813110D-01  0.15638123695238D-01  0.20445515214663D-01
  -.35419842421153D-01  -.36155595617247D-01  0.60721012310017D-01
  -.17177443491574D-01  -.25523482621339D-01  -.75688106586228D-01
  -.90887966447700D-02  -.71944119646324D-01  -.42295316116822D-01
  -.40070951600864D-01  -.12416555202869D-01  0.22760328485462D-01
  -.23073188552947D-01  -.24786151465014D-01  0.59168828248667D-01
  0.65126411821328D-01  0.44205737183027D-05  -.59088567607382D-01
  0.12263331407897D-01  0.45717876189352D-01  0.26893139328576D-01
  -.42892950367394D-01  0.22208527024169D-01  -.56972198534533D-01
  -.37280492255909D-01  0.42203497452537D-01  0.74082415269847D-01
  0.30799230076169D-01  0.36479397550595D-01  -.18276807071994D-01
  0.69285106476489D-01  -.13132040669684D-01  0.17460973301958D-01
$end
