$energy      SCF               SCFKIN            SCFPOT
     1 -1219.983386270      1212.917128957     -2432.900515228
     2 -1219.983386279      1212.916901657     -2432.900287936
     3 -1220.082440883      1212.336026849     -2432.418467733
     4 -1220.183088432      1211.496394784     -2431.679483216
     5 -1220.251389171      1210.146543168     -2430.397932339
     6 -1220.268887401      1209.933941985     -2430.202829386
     7 -1220.295821208      1208.368184276     -2428.664005484
     8 -1220.297591938      1208.141908499     -2428.439500437
     9 -1220.299372861      1208.041643007     -2428.341015868
    10 -1220.297675917      1207.961017309     -2428.258693226
    11 -1220.299019747      1207.951333514     -2428.250353261
    12 -1220.300260568      1207.961085347     -2428.261345916
    13 -1220.299459446      1207.963068681     -2428.262528127
    14 -1220.300049263      1207.957569758     -2428.257619021
    15 -1220.300666800      1207.949501413     -2428.250168213
    16 -1220.300813108      1207.920561805     -2428.221374913
    17 -1220.301001543      1207.864544383     -2428.165545926
    18 -1220.301077890      1207.836175373     -2428.137253262
    19 -1220.301186319      1207.820770438     -2428.121956757
    20 -1220.301250996      1207.821922818     -2428.123173814
    21 -1220.301301425      1207.819113408     -2428.120414833
    22 -1220.301425317      1207.804821179     -2428.106246496
    23 -1220.301527891      1207.784561412     -2428.086089303
    24 -1220.301705412      1207.746406500     -2428.048111911
    25 -1220.301822466      1207.719813866     -2428.021636332
    26 -1220.301941600      1207.697648772     -2427.999590372
    27 -1220.302025166      1207.696463601     -2427.998488767
    28 -1220.302105795      1207.704378180     -2428.006483975
    29 -1220.302162222      1207.711537926     -2428.013700148
    30 -1220.302210324      1207.712231860     -2428.014442184
    31 -1220.302249120      1207.703972913     -2428.006222033
    32 -1220.302273599      1207.696494718     -2427.998768317
    33 -1220.302295018      1207.690445122     -2427.992740140
    34 -1220.302322811      1207.687674706     -2427.989997517
    35 -1220.302343173      1207.686845917     -2427.989189090
    36 -1220.302369347      1207.686506024     -2427.988875371
    37 -1220.302389867      1207.684325421     -2427.986715288
    38 -1220.302402317      1207.679988653     -2427.982390970
    39 -1220.302414955      1207.673536154     -2427.975951109
    40 -1220.302424996      1207.666447509     -2427.968872505
    41 -1220.302433780      1207.671577763     -2427.974011543
    42 -1220.302439701      1207.673707970     -2427.976147671
    43 -1220.302452585      1207.677775914     -2427.980228498
    44 -1220.302466849      1207.680580466     -2427.983047315
    45 -1220.302476251      1207.681363035     -2427.983839286
    46 -1220.302479118      1207.681771298     -2427.984250416
    47 -1220.302484277      1207.682598122     -2427.985082399
    48 -1220.302492242      1207.683107710     -2427.985599952
    49 -1220.302496392      1207.682981166     -2427.985477559
    50 -1220.302500136      1207.682683151     -2427.985183286
    51 -1220.302505533      1207.682601694     -2427.985107227
    52 -1220.302508969      1207.685188128     -2427.987697097
    53 -1220.302510840      1207.685546030     -2427.988056870
    54 -1220.302515150      1207.686330847     -2427.988845997
    55 -1220.302522621      1207.686613291     -2427.989135912
    56 -1220.302527102      1207.687150478     -2427.989677581
    57 -1220.302531754      1207.687379608     -2427.989911362
    58 -1220.302537242      1207.688045506     -2427.990582748
    59 -1220.302539527      1207.687580225     -2427.990119752
    60 -1220.302541633      1207.688501942     -2427.991043575
    61 -1220.302543352      1207.689783485     -2427.992326837
    62 -1220.302545293      1207.691683551     -2427.994228844
    63 -1220.302548687      1207.692135801     -2427.994684488
    64 -1220.302551369      1207.692360944     -2427.994912313
    65 -1220.302553457      1207.692894256     -2427.995447712
    66 -1220.302555417      1207.692001015     -2427.994556431
    67 -1220.302556934      1207.691147026     -2427.993703960
    68 -1220.302557713      1207.690557907     -2427.993115620
    69 -1220.302558783      1207.689735775     -2427.992294558
    70 -1220.302559976      1207.689583287     -2427.992143263
    71 -1220.302560794      1207.690077520     -2427.992638314
    72 -1220.302562002      1207.690721344     -2427.993283347
    73 -1220.302562576      1207.690461079     -2427.993023656
    74 -1220.302563868      1207.691116760     -2427.993680628
    75 -1220.302564533      1207.691063429     -2427.993627962
    76 -1220.302565361      1207.691901107     -2427.994466468
    77 -1220.302566428      1207.692561695     -2427.995128122
    78 -1220.302567834      1207.694039976     -2427.996607810
    79 -1220.302568727      1207.694477591     -2427.997046317
    80 -1220.302569194      1207.694625389     -2427.997194583
    81 -1220.302569327      1207.694679185     -2427.997248512
    82 -1220.302569815      1207.694617878     -2427.997187693
    83 -1220.302570126      1207.694351470     -2427.996921596
$end
