51

O          1.22853       -0.28653       -1.96730
N          1.29350       -0.34099       -5.48271
N         -2.82260        0.59714       -4.31352
N         -3.25099        0.94238       -0.83827
N         -0.00000        0.00000       12.82898
C         -0.03462        0.01819       -2.28594
C         -0.79931        0.22606       -1.09285
C          0.00000        0.00000        0.00000
C          1.38372       -0.36445       -0.49681
C         -0.40737        0.07764       -3.60653
C          0.54153       -0.15503       -4.63669
C         -1.74469        0.37375       -3.98618
C         -2.16483        0.61380       -1.00330
C          0.22440       -0.08459       11.47939
C          1.49778       -0.41533       10.97938
H          2.20827       -0.59392       11.58424
C          1.72530       -0.48237        9.62143
H          2.59700       -0.70013        9.31276
C          0.71649       -0.24081        8.68160
C         -0.55285        0.07607        9.19103
H         -1.26303        0.24247        8.58254
C         -0.80355        0.15410       10.54346
H         -1.67675        0.37048       10.84844
C          1.07257       -0.27148       13.76220
H          1.39013       -1.18996       13.63649
H          0.74364       -0.16198       14.67880
H          1.81016        0.35391       13.60295
C         -1.28497        0.39097       13.36588
H         -1.43942        1.34176       13.18380
H         -1.29485        0.23829       14.33380
H         -1.99113       -0.14116       12.94374
C         -0.43167        0.07498        1.35091
H         -1.34602        0.28804        1.49609
C          0.33111       -0.12731        2.45540
H          1.25067       -0.33241        2.33364
C         -0.16896       -0.04951        3.78423
H         -1.09261        0.13028        3.91417
C          0.62000       -0.22175        4.87279
H          1.54041       -0.40122        4.72030
C          0.18323       -0.15593        6.22411
H         -0.73644        0.00669        6.39801
C          1.02165       -0.31503        7.27112
H          1.92756       -0.49912        7.05234
C          2.46289        0.63849       -0.12251
H          3.28885        0.42475       -0.60462
H          2.62761        0.59615        0.84262
H          2.16783        1.54125       -0.36421
C          1.78543       -1.79571       -0.17963
H          1.08212       -2.40711       -0.48245
H          1.90942       -1.89344        0.78751
H          2.62413       -2.00900       -0.63970