$coord
    9.48813194625713      8.27959407496692      3.51659984908366      c
   11.59347071944216      7.11620365052015      4.43268937450515      c
   -3.56360773129679      6.17294061931699     -2.97911978732012      c
   -6.27162098370927      5.98037412571060     -2.68035011859192      c
    1.91969132281135      3.49914388195265     -4.34445654996548      c
   10.46692863161731      5.36946025160717      0.91717819664189      c
   19.59419375280059      2.97227160881709     -3.69974549104095      c
    2.11348424867262      6.25450913570556     -0.35104969785642      c
   -7.31334441518381      3.99210105135694     -1.19949439794820      c
   -2.03889959312283      4.32487445197165     -1.75857213959008      c
    0.83242586967855      3.97446669407977     -1.66945851370372      c
   19.85699040604779      3.86802541346626      1.03320983733788      c
   -3.15776334575811      2.43778600707064     -0.32390472693923      c
   20.48312942559211      2.02234011206535     -1.11123984155809      c
   -5.80499752579686      2.22480688083865     -0.02052110290515      c
    1.08198366861447      1.57871858951450     -0.02012482733681      c
    5.76451637967297      0.85232770933266     -0.00513835430547      c
   10.40137327646359      0.25178276247505     -0.21080990961353      c
   15.03267626817393     -0.31908195689657     -0.39057161899945      c
   24.06913419091796     -0.46394911750083     -0.82196907016793      c
   26.64121906524089     -0.94245403944921     -0.87273448380727      c
   19.72714732402476     -0.69903955117184     -0.53723553120301      c
    3.23183664141857      0.25497658859828      0.65908847322590      c
    7.90976805833622     -0.54856500623798      0.54570074835088      c
   12.53870284526719     -1.27195367852562      0.03924677701929      c
   17.24599531492837     -1.67583596142910     -0.19495567434575      c
   21.93443512087984     -2.11409103973124     -0.37347885722960      c
   -1.89787008833246     -1.31667083473048      2.30212483625510      c
    7.80158463920842     -3.02283142025406      1.98440461600393      c
   12.26190275451867     -4.01140498166522      0.85083274699547      c
    9.54456710518818     -5.02207284298027      0.79081995856528      c
    9.24147601075819     -7.74865133175892      1.91431618582246      c
    6.57680816235669     -8.75784445080631      1.28909689598300      c
    9.61063022975158     -7.80190797134835      4.80413583128772      c
   11.17970781452346     -9.54801736714652      0.68360237845977      c
    8.79253415327607      7.12780146666482      1.27516243348524      n
   12.24791575763463      5.26272474063605      2.77035947466136      o
   10.75236760534455      3.33331965862629     -1.70142398699221      s
   23.23545392103788      1.88407981193800     -1.24147560866982      o
   27.67704277175435     -3.39834022128674     -0.45496290286040      c
   -1.30396072578886      0.85784268605477      0.72660215156257      n
   28.36086190180061      1.08357670773753     -1.36359840358331      c
   21.97755810412596     -4.74831974663510      0.15689885786714      c
   28.60049353632171     -5.36537409680789     -0.12735676936087      n
   29.77787057970728      2.71586185192589     -1.75844231540532      n
   21.81756066233227     -6.89332160350468      0.60342035412884      n
   -2.27452822079413     -3.77978994331001      0.81741634198849      c
   -2.90139837537606     -6.03349054762158      2.52368331909289      c
   -3.29959466134316     -8.49432441039860      1.06026353448324      c
   -2.61233887536664      8.20753579427314     -4.47673832355234      c
   -4.21589734787151      9.92606633803591     -5.60387151770898      c
   -6.86996950189223      9.72328625267115     -5.30934674077453      c
   -7.86299658086128      7.78865192052932     -3.87618260525582      c
    8.42508125471267      9.84714060363263      4.31965861889507      h
   12.76872654525285      7.33816634577599      6.10152635728648      h
    1.56281937876496      5.12733512346463     -5.58274494655350      h
    3.97093574081591      3.18428697472552     -4.28813364076623      h
    1.03084314433940      1.83327792658446     -5.21704363513502      h
   17.53925454227716      3.27068506417079     -3.72952757476505      h
   20.53207919037090      4.78011079820229     -4.11924919495365      h
   20.08962721931859      1.61118465125341     -5.19040926821671      h
    4.17267968934654      6.03457884089675     -0.20047367462966      h
    1.74593421818642      8.00489611555943     -1.40888644605042      h
    1.34805521723565      6.50987935425560      1.56704915274971      h
   -9.36727961421722      3.87857027421429     -1.00596508888131      h
   17.80594025188885      4.13708499703570      1.22337562287554      h
   20.60075051493152      3.15988853175786      2.84072796225450      h
   20.73911493896833      5.70823939081855      0.63294619099044      h
   -6.64518828012150      0.71102797370647      1.09843789192681      h
    6.08024974187671      2.58141577500849     -1.07590725426073      h
   15.14045849844547      1.67826085799222     -0.87353251514970      h
    2.93623642134660     -1.43690541530024      1.79764392797023      h
   17.16905190322982     -3.68817564284293      0.26220724766894      h
   -0.38087108788391     -1.53894911424914      3.70838645271841      h
   -3.61426713130053     -0.86557091001404      3.38873890079274      h
    8.38573167659220     -2.68548166988335      3.96278478512256      h
    5.85102048275384     -3.71823665014303      2.05791250560791      h
   13.46934401773875     -5.17010132641842     -0.38319828560639      h
   13.06823660867667     -4.21223675939550      2.76893745575258      h
    8.99480042210755     -5.17098609618997     -1.22062210293935      h
    6.36157062443317    -10.71608354094345      1.96493684644065      h
    6.23394551396261     -8.75947433958880     -0.76639165792485      h
    5.07247391742278     -7.63414262134677      2.18744812919047      h
    9.48361946924413     -9.75815585706797      5.50885967864243      h
   11.47544182720506     -7.07000948437629      5.37250667909267      h
    8.15731405483986     -6.69364955069708      5.80130764656592      h
   11.06616078573614     -9.48142304056948     -1.39674117624745      h
   13.13659045924835     -9.10432535781122      1.23209954352988      h
   10.81453562641988    -11.51352150936978      1.26788490920669      h
   -3.80151423483871     -3.50391128301986     -0.57775806232903      h
   -0.55030260940957     -4.18378372005484     -0.28564079647736      h
   -1.36766188166909     -6.29146405288090      3.91886320361617      h
   -4.61356035312623     -5.59934600158573      3.63999877604911      h
   -3.75124392944403    -10.07360916186003      2.33845519894626      h
   -4.86605365262414     -8.31829604394448     -0.30355143171395      h
   -1.59336188828161     -9.02072689761958     -0.01445375923681      h
   -0.58093110146489      8.42032405816654     -4.73786105739836      h
   -3.42889747066716     11.46363084995354     -6.73753636124278      h
   -8.11597686278151     11.09861513117307     -6.21540843451570      h
   -9.90829705431345      7.61456430280520     -3.63244950915384      h
$user-defined bonds
$end
