$coord
  -13.42747214704933      5.17616735749416     -0.49692604296830      c
  -11.04204705950168      6.37669450836820     -0.50378335424361      c
   -8.81504838279468      5.02918492984506     -0.27735444869627      c
   -8.84712624944616      2.37523774461693     -0.02392207941889      c
   -6.56572633913027      0.93877275305132      0.19678805272793      c
   -6.61224447923006     -1.63092780054922      0.44484466190302      c
   -8.94464776241113     -3.01844354406388      0.51192801944622      c
   -9.01860870520533     -5.70546335754385      0.78527487748620      c
  -11.40081916298317     -6.90415066966656      0.80106303951177      c
  -13.63655023324809     -5.56224695733481      0.52937106532331      c
  -13.62219840587080     -2.91603502595949      0.26482223215428      c
  -15.90094861529529     -1.47986498981453      0.01878635987630      c
  -15.86478840686406      1.08975177865064     -0.22157497416735      c
  -13.53281835062528      2.48397072897222     -0.24364185163655      c
  -11.21784713192489      1.08018221016747     -0.00020341583119      c
  -11.25598077191650     -1.61890147248881      0.26285961489501      c
  -15.73174256275701      6.65815967092706     -0.74528627225520      c
   -6.69441079926223     -7.18415351822116      1.07119874932796      c
  -15.92742752050857      9.18475988719526     -0.99257511508958      c
   -6.43501199605384     -9.64064065842923      0.45394003808630      c
   -4.24369978169882    -10.89795556553034      0.85518074078589      o
  -18.39704239187368     10.36565043253933     -1.22197841196227      n
  -18.39265239557221     12.67226375063188     -1.43975181781969      o
  -20.29959734586129      9.04728018782046     -1.18892278203034      o
  -10.94485355119811      8.42836044307923     -0.69622515426208      h
   -7.00082960923066      6.01683193398697     -0.29477281126037      h
   -4.76144252352298      1.94458841607330      0.15271418151348      h
   -4.82724779602414     -2.65096698031545      0.57744200166037      h
  -11.49575971540052     -8.94431166573169      1.09916470357511      h
  -15.44637205773251     -6.55948012990754      0.56286290152321      h
  -17.70527573471036     -2.48756926126404      0.02695593825873      h
  -17.65721534357015      2.08660273777232     -0.40188403632403      h
  -17.54751822933839      5.68111952461791     -0.73881246562782      h
   -5.01101390876823     -6.26251278519255      1.83364429963015      h
  -14.41740156217020     10.57834913083196     -1.05179209921280      h
   -7.97051832414871    -10.72669025262585     -0.41712656698302      h
   -4.36222498851941    -12.58665212020552      0.17885153052736      h
$user-defined bonds
$end
