$coord
    0.30210276199338     -3.38629394535626      3.18114687447877  c
   -0.07889793723523      0.88169634682896      4.57272925324401  c
   -0.01765135101099      0.20288400413216      7.05626598194657  c
    0.37618991335207     -4.21790658420651      5.75311570843258  c
    0.21184706821042     -2.38287412994786      7.83980551876692  c
    0.27557339580944     -3.10916710683870     10.37559109020674  c
    0.13597298528006     -1.49786565197103     12.49879873971424  c
   -0.25221391005914      2.87870672213258     21.96317679199679  c
    0.00193591727412      0.01264324600733     21.78938402815892  c
    0.08248889867312     -0.91626121239757     24.25194065312437  c
   -0.10449828799243      1.18321165797843     25.98832594203024  c
   -0.11622493933717      1.27266225440723     28.60469276671440  c
   -0.00210288840406      0.00808661568181     -0.03706291211391  c
    0.07099171977293     -0.80995782725087      2.62482980625878  n
    2.04289379045855      4.31186058890038     20.92892200635019  c
   -2.76468521537886      3.88424583309511     20.92889590320363  c
   -0.29308932571932      3.33995686286458     24.67899180800079  o
    0.31316441932725     -3.52334516522953     24.85523571434284  c
    0.07444673676893     -0.93546417107089     30.14253424278325  c
   -0.33088969767946      3.65986371216341     29.85193160715300  c
    0.50534038503926     -5.68984193185576     25.16633179403225  n
    0.22363296522361     -2.68067073312783     31.46973283737104  n
   -0.50541068475797      5.58851295868341     30.89072839462049  n
    0.20669345276241     -2.31917429762429     14.98029406105122  c
    0.06534569971342     -0.68553463073991     17.09365171915808  c
    0.13438493787452     -1.49158150325200     19.57723659947499  c
   -0.25539020445157      2.83993489791347     -0.47798502609113  c
    0.46386694752407     -5.18297961691682      1.21053878749237  c
    0.69395344629388     -7.74432067168148      1.73564580877435  c
    0.76930659290816     -8.58615085353933      4.24403932454164  c
    0.61219952276880     -6.84030689144693      6.19331610525223  c
   -0.25500068434008      2.85971366223405      4.04343687624862  h
   -0.15108832299019      1.70949605120030      8.45226835740187  h
    0.45062907942336     -5.11757174409063     10.81069888317164  h
   -0.04020225285495      0.54432531062465     12.19712982484832  h
    1.73655660168821     -0.67206837164693     -0.96561050295195  h
   -1.59251273179471     -0.96961208859636     -0.96557512398434  h
    2.16956787414288      4.13882520677947     18.86270358807145  h
    1.87731923497493      6.32510910225869     21.42165168764950  h
    3.79908357198294      3.57200630284837     21.75891358065306  h
   -2.85872383009287      3.69197146190344     18.86247295526773  h
   -4.36300347065538      2.84645351358628     21.75934774769777  h
   -2.95725962243862      5.89516917255395     21.42141146902666  h
    0.38181132157640     -4.35087866155136     15.34775289711343  h
   -0.10903908326010      1.33557712646528     16.68084546059552  h
    0.31135775036025     -3.52739291411696     19.90971691349011  h
   -0.28519727515562      3.17115156107307     -2.53085532724988  h
   -2.02269122767721      3.61355273370536      0.29996654055209  h
    1.34703936711876      3.91547356666506      0.29902214977794  h
    0.41081765468231     -4.58747442700348     -0.75628690133598  h
    0.81542001441276     -9.09330793179342      0.17655985860469  h
    0.95017846030056    -10.59771220122793      4.66954009618347  h
    0.67423744542096     -7.52631724303983      8.13338121388920  h
$user-defined bonds
$end
