$coord
    0.30199713197644     -3.37641146139136      3.24097479003943       c
   -0.07594809294871      0.86768664738317      4.59101403073332       c
   -0.01604377479807      0.20049994182279      7.07834714501075       c
    0.37514843026071     -4.18946612651159      5.80474732605796       c
    0.21144145608438     -2.35081929903446      7.85241676017996       c
    0.27612678133032     -3.07694656242191     10.40694853544907       c
    0.13324458904736     -1.47045258935505     12.47986471059606       c
   -0.25354455414104      2.85490374277838     21.90014944185553       c
    0.00000000000000     -0.00000000000000     21.71488069259722       c
    0.08165506584508     -0.92938620535220     24.19747059430183       c
   -0.10155388193739      1.12650353741191     25.91593084025277       c
   -0.11111589612800      1.22414568627133     28.54142183150158       c
    0.00000000000000      0.00000000000000      0.00000000000000       c
    0.07377490790539     -0.81724985711691      2.67891354879198       n
    2.03383663888973      4.29568763197681     20.89079002690917       c
   -2.75816866245879      3.87032917858479     20.88893809530703       c
   -0.29413587129800      3.29985865608277     24.64839704216003       o
    0.31084105023969     -3.51394572874162     24.79666495389817       c
    0.08184403845754     -0.95142041196534     30.07999904764939       c
   -0.32159359188881      3.58893006136677     29.77632005942203       c
    0.50149551895319     -5.66347140098094     25.13120316974067       n
    0.23519531347092     -2.68023635707922     31.40677575974915       n
   -0.49280277877991      5.51231220827213     30.79875637915080       n
    0.20548881879181     -2.28896856297546     14.97745903773021       c
    0.06079248942921     -0.66661978772299     17.04359109608979       c
    0.13195957528262     -1.47682096639504     19.54241374520494       c
   -0.25159813623268      2.82493268644182     -0.42749384391284       c
    0.46113096893118     -5.16807969741030      1.28193351116238       c
    0.68759574770633     -7.70666218418757      1.81944721005094       c
    0.76256118307024     -8.53708343239312      4.32543192117842       c
    0.60862409295822     -6.80395891171509      6.25983117139034       c
   -0.25057768412538      2.82489489191933      4.06024665410968       h
   -0.15004425429529      1.70492980689862      8.44841748262568       h
    0.45281617398283     -5.06639353464418     10.84005486595205       h
   -0.04624159826959      0.55187561743571     12.17954943487054       h
    1.73004426709489     -0.67398971960903     -0.89850808047581       h
   -1.58451645823746     -0.96903265944685     -0.89716637492733       h
    2.15632868628797      4.12555558897675     18.84338515444462       h
    1.85161034869207      6.29052032365426     21.37355835996731       h
    3.77538933808360      3.56593209443007     21.71465392546226       h
   -2.84717476292866      3.68145105242845     18.84143873653625       h
   -4.34457484682088      2.84520944775905     21.71144139105040       h
   -2.93056837680840      5.86608783606332     21.37166863384268       h
    0.38433249922639     -4.30277410494416     15.33847231657871       h
   -0.11686066354686      1.33465687003944     16.63454097915330       h
    0.31135127629334     -3.49776967311482     19.84898401440298       h
   -0.28017079523702      3.13773905185112     -2.46461860625942       h
   -2.00507500727293      3.58560414338743      0.34374118206943       h
    1.34059061007077      3.88333049432222      0.34255065461091       h
    0.40802966482920     -4.57822058486961     -0.66754575352405       h
    0.80700754152144     -9.05229836301109      0.28372348035131       h
    0.94053558948749    -10.52983742533348      4.74754004563608       h
    0.67009688379230     -7.48420362479662      8.18160705108976       h
$end
