$dipgrad          cartesian dipole gradients
  0.77403847353106D-01  -.62793509739488D-01  0.54836942578608D-01
  -.63047638528427D-01  0.76741314889440D+00  -.61547140789059D+00
  0.62858586340851D-03  -.46692675117726D-02  -.21668379062897D-01
  -.24129065558086D-01  -.22540036582927D-01  -.10691859337647D+00
  -.21777339799463D-01  0.22523512840927D+00  0.12249785978962D+01
  -.29931967473612D-01  0.32912749124418D+00  0.33997141868838D+01
  -.16696913305920D+00  -.16179906052969D-01  -.17322498696332D+00
  -.16633717241083D-01  0.12327451387438D-01  0.19828397007477D+01
  0.90699106896869D-02  -.93904159719665D-01  -.20590020607805D+01
  -.19602008457935D-01  0.18977802564231D-01  0.85675020493064D-01
  0.19721836510576D-01  -.22587666522692D+00  -.96080775767804D+00
  0.32780818705940D-03  0.61660351225662D-02  -.76778173042571D+00
  0.55216667225694D-01  -.42144126162466D-02  0.15269779831837D+00
  -.39241989350399D-02  0.93285923271026D-01  -.17632193048283D+01
  -.36595734476074D-01  0.40191402303333D+00  0.37728632736321D+01
  -.17825287352433D+00  -.88231026434809D-02  0.39651107685462D-01
  -.86751884314147D-02  -.73341934575896D-01  -.48691268009389D+00
  0.43588736772853D-01  -.48623989846602D+00  -.41186190106433D+01
  -.39330984483982D-01  -.16488091488185D-01  -.65124996022126D-01
  -.16568695443417D-01  0.14807022870688D+00  0.72791999578556D+00
  -.43696377286229D-01  0.48968819383046D+00  0.38368854210139D+01
  0.41451399016535D+00  0.10951742500456D-01  -.29524214938710D-01
  0.10665449579631D-01  0.29155478424588D+00  0.33216265945840D+00
  0.14507738100376D-01  -.18068048632991D+00  0.49151778483471D+00
  -.58466567416937D-01  -.23249185682850D-01  -.77480819154595D-01
  -.21802443295987D-01  0.19991856697796D+00  0.87682401307267D+00
  -.48861269517231D-01  0.55958524949939D+00  0.40638513786126D+01
  -.28395232629886D-01  0.18510377086771D-01  0.14244421664217D-01
  0.17404268425991D-01  -.23098760544743D+00  -.13892790759108D+00
  0.44936994039292D-01  -.49907443716960D+00  -.30730855861457D+01
  0.17500511638884D+00  -.72805457000847D-01  -.12607595476447D+00
  -.73062340187976D-01  0.99562896788527D+00  0.14085064173753D+01
  -.30600365759854D-01  0.31523560563803D+00  0.32259368742126D+01
  -.53710401944038D-01  0.93846585682790D-02  0.38747796584810D-01
  0.10758427814073D-01  -.16009851968852D+00  -.44413604264705D+00
  0.17594145069595D-01  -.17957916234043D+00  -.18272076215351D+01
  0.23926041965293D+00  -.13696704109420D-02  0.60892404465113D-01
  -.11304545119320D-02  0.25101752367007D+00  -.65540117106513D+00
  0.25560982140716D-01  -.28722859025381D+00  0.16371112725411D+01
  -.11199963071387D+00  0.71760021405647D-01  0.48305674588873D-01
  0.72115391842956D-01  -.90890426829521D+00  -.56539048097574D+00
  -.15461233993878D-02  0.14324808636796D-01  -.27744769722364D+01
  -.36413414979940D-01  0.41267591097271D-01  0.68971951052522D-01
  -.30537328963616D-01  -.18505672928805D-01  -.97897325953740D-02
  -.20989532681542D-01  0.66796013933946D-03  -.84618579358908D-01
  -.34867519686273D-01  -.44962502905282D-01  -.63260206530742D-01
  0.27957679470173D-01  -.22311973078064D-01  -.19311371340975D-01
  0.20458986288979D-01  0.50712392470030D-02  -.85440152781251D-01
  -.29948268141936D+00  0.53487286731890D-01  0.15332669568014D-02
  0.53649606991690D-01  -.91454138940405D+00  0.15747346558017D-01
  -.29009253540488D-01  0.34178060319034D+00  -.11619687803177D+01
  0.14159052143601D+00  -.83088783189003D-02  0.73650303732570D-01
  -.85181352571248D-02  0.23994493497344D+00  -.84450897627746D+00
  0.74475800804726D-02  -.86177497493142D-01  0.20580198534307D+00
  0.14647333144812D+00  -.51856721886977D-02  0.70577181444607D-01
  -.53744367353012D-02  0.21136893265216D+00  -.80518398826811D+00
  0.16983594308885D-01  -.19715144314090D+00  0.55815834442432D+00
  0.14093711740648D+00  -.26676114368815D-01  -.84247683751436D-01
  -.27284320409336D-01  0.43371543531906D+00  0.96622490976259D+00
  -.24166414890644D-01  0.27365905034778D+00  0.40903977579358D+00
  -.28600207267754D+00  0.42767311619887D-02  -.52372355386847D-01
  0.34393980473376D-02  -.32434658599385D+00  0.55706339174361D+00
  0.10459584102410D-02  -.12349732257799D-01  -.24696517015921D+00
  -.29786430811745D+00  0.40923968207608D-03  -.42793771718610D-01
  -.18903157121349D-03  -.29732471266218D+00  0.47310936017592D+00
  -.48331885899950D-02  0.54653009845448D-01  -.65332805106830D+00
  -.30442536350019D+00  0.15003194977017D-01  0.52510856619523D-01
  0.15432605532574D-01  -.47566835168233D+00  -.56243938930840D+00
  0.11703347669382D-01  -.13145315174593D+00  -.60796692749350D+00
  -.15938918456394D+00  -.11913996593048D-01  0.58599129318300D-01
  -.12214729486929D-01  -.17379769105322D-01  -.68244205648974D+00
  0.46514560452242D-01  -.52098108846926D+00  -.37021719648458D+01
  -.51477495270740D-01  -.23510873171863D-01  -.77765118111493D-01
  -.23907544092994D-01  0.21825500255704D+00  0.90450682369913D+00
  -.51076696239084D-01  0.56942899829993D+00  0.38737919080014D+01
  -.14402639724086D+00  -.23428004002898D-02  0.69333389328079D-01
  -.34939350405179D-02  -.11005554329259D+00  -.77758953086638D+00
  0.51757101475577D-01  -.58162532636579D+00  -.38527137355423D+01
  0.83177413680307D-01  0.56205854425206D-02  0.58017492662174D-02
  0.67571870738654D-02  0.13466750319622D-01  -.36025726638600D-01
  -.69947069458199D-02  0.76580093279037D-01  -.15651218940149D+00
  -.13227951431026D+00  0.88429228051134D-02  -.43144646188519D-01
  0.83840391494486D-02  -.22587016127211D+00  0.46503252400332D+00
  0.10618910139303D-01  -.12222447878349D+00  0.31087433949078D+00
  -.93915563641383D-01  -.51864766163331D-02  0.72712613158772D-01
  -.53838263845822D-02  -.33706604720066D-01  -.83555273837742D+00
  -.10974025771109D-01  0.12706967035422D+00  0.61991266770859D+00
  -.10997998337146D+00  -.11773075667033D-01  0.27459336527838D-01
  -.12223189432369D-01  0.26896109840081D-01  -.33650094572813D+00
  0.19001658171470D-01  -.21238049929191D+00  -.10483911288548D+01
  -.82394535682237D-01  -.16784834933312D-01  -.76654012303557D-01
  -.17483750227239D-01  0.10767406549963D+00  0.83280649125039D+00
  0.44960475415547D-02  -.56119762801506D-01  0.17785430464867D-01
  0.11405088238362D+00  0.98551179043050D-02  -.52958727220440D-03
  0.99754417490940D-02  0.28324129227136D-02  0.13190778954985D-01
  -.85441131284827D-03  0.10988120937568D-01  0.16666400952165D+00
  0.11652677653590D+00  0.10239270196980D-01  0.20154023354744D-02
  0.10069169581911D-01  0.33387639635595D-02  -.16812681981042D-01
  0.53406788837574D-02  -.61672353161269D-01  0.18085542582586D-01
  0.10306159721593D+00  0.15101815005857D-01  0.59380666607868D-02
  0.15271499081874D-01  -.69899317613918D-01  -.54221753027095D-01
  -.29675003356932D-02  0.33008418688411D-01  0.33445967650461D-01
  0.91292769725361D-01  0.15782671080882D-01  0.25661452941702D-02
  0.15797269695519D-01  -.89749278688500D-01  -.22158262130177D-01
  -.13201707255712D-02  0.15365792079985D-01  0.55998190294479D-01
  -.56738852114946D-01  0.52233511182039D-01  0.13085412365622D+00
  0.63595444656447D-01  -.16528512211589D-02  -.24356011358379D-01
  0.18088992411313D-01  0.36969446264174D-01  -.28705952082275D+00
  -.34861592390324D-01  -.58388371620137D-01  -.12476821173267D+00
  -.69462523271629D-01  -.23620251130629D-01  -.47501935213417D-01
  -.24341206254851D-01  0.33005460036621D-01  -.28684630563240D+00
  0.51190695687763D-01  -.15689483873676D-01  0.11276798836197D-01
  -.33061281339080D-02  0.74107761658190D-01  0.24841652571950D-01
  0.11480235400999D-01  0.79212125016732D-02  -.76654041485740D-01
  0.51134286965906D-01  0.58555816334371D-02  0.22111544344316D-02
  -.72955096046040D-02  -.91648296236790D-01  -.52492170550997D-01
  0.13196004644858D-01  -.37273008807896D-01  0.49876574594212D-01
  -.48362540575440D-01  0.25594521301086D-01  0.47845191130534D-03
  0.44857007129609D-01  0.44118122978391D-01  0.55324313612035D-01
  -.48475075745743D-01  0.16205584481333D-01  0.35100555742303D-01
  0.48873085461404D-01  0.11000570651913D-01  -.15458062278676D-01
  -.12591428040487D-02  0.76538468774184D-01  0.23274425316025D-01
  -.12557273007718D-01  0.54827108692354D-02  -.76323173579182D-01
  -.33052091956871D-01  -.39644487879603D-01  -.10016286173296D-01
  -.58506260656264D-01  0.29194846763405D-01  0.54545879595279D-01
  0.44839010092537D-01  0.24609919302082D-01  0.35049278534238D-01
  0.46613871976158D-01  0.19303426690970D-01  0.77411721507117D-02
  0.31798195596591D-01  -.86727715871126D-01  -.51904946760839D-01
  -.63582600422143D-02  -.38945665563349D-01  0.49779011985457D-01
  0.11556082678446D+00  0.16259493901424D-01  0.35568630031472D-02
  0.16471102438894D-01  -.72993400828707D-01  -.42157123731002D-01
  -.58933674300053D-03  0.74087880443232D-02  -.36456864184910D-02
  0.10447679858791D+00  0.16889375141751D-01  0.34516544490744D-02
  0.17094017500564D-01  -.90901461223030D-01  -.43915701693880D-01
  -.45526587036376D-02  0.54969586268941D-01  0.90732232882635D-01
  0.11313628198882D+00  0.13263728679852D-01  0.45868261391185D-02
  0.13446407581278D-01  -.39495402012917D-01  -.64984224381553D-01
  0.15192775655622D-02  -.15765070197287D-01  0.54408245470995D-02
  0.86519441239384D-01  0.40755828313314D-02  -.36364541788448D-02
  0.40935604988990D-02  0.40503058350272D-01  0.42043467167754D-01
  -.46306281467732D-02  0.51566476469123D-01  -.14140993374353D+00
  -.42886620747237D-01  0.34530553874461D-01  0.87519350301299D-01
  0.25347706696533D-01  0.16447143319884D-02  0.51545539811656D-02
  0.66771058691490D-01  -.48193076026559D-01  0.87125430223359D-01
  -.31109454140271D-01  -.40506372578518D-01  -.87087124767227D-01
  -.31544721909582D-01  -.10453369874396D-01  -.10438849713749D-01
  -.56977465595147D-01  -.58820727273899D-01  0.86742894297967D-01
  0.11656232904900D+00  0.34172986351225D-02  -.65982483421075D-02
  0.35459106241446D-02  0.77672696834359D-01  0.76428653626176D-01
  -.42492247976150D-02  0.46411011652670D-01  -.59105365940437D-01
  0.11071567786531D+00  0.93925397068693D-02  0.93898136331054D-02
  0.91069103670255D-02  0.10152784984108D-01  -.10198930420599D+00
  0.70248036883340D-02  -.78972118376038D-01  -.22749099258393D-01
  0.11629682676336D+00  0.16390881159994D-01  0.24983779338578D-02
  0.16529198185503D-01  -.65754871575542D-01  -.32350451008215D-01
  -.28146840159279D-02  0.31286389019583D-01  0.50485711844922D-01
  0.10079451116881D+00  0.16592197318005D-02  -.36038105672795D-02
  0.13217985336252D-02  0.85939387461350D-01  0.42368668062682D-01
  -.45391547817994D-02  0.51330053223970D-01  0.79402998563535D-02
$end
