$energy      SCF               SCFKIN            SCFPOT
     1 -1296.424980837      1283.859341732     -2580.284322568
     2 -1296.424980851      1283.858984735     -2580.283965586
     3 -1296.423884356      1283.392379086     -2579.816263442
     4 -1296.426554914      1283.464359578     -2579.890914492
     5 -1296.428594461      1283.464109312     -2579.892703773
     6 -1296.428814351      1283.398493701     -2579.827308052
     7 -1296.429182776      1283.296976027     -2579.726158803
     8 -1296.429078541      1283.180364362     -2579.609442903
     9 -1296.429268369      1283.186668348     -2579.615936717
    10 -1296.429396639      1283.181613668     -2579.611010307
    11 -1296.429419078      1283.137817827     -2579.567236905
    12 -1296.429458583      1283.111641284     -2579.541099866
    13 -1296.429499333      1283.117691881     -2579.547191213
    14 -1296.429554735      1283.123160512     -2579.552715247
    15 -1296.429586253      1283.111611130     -2579.541197383
    16 -1296.429611353      1283.099430287     -2579.529041640
    17 -1296.429636400      1283.086093250     -2579.515729650
    18 -1296.429672048      1283.069965364     -2579.499637412
    19 -1296.429694975      1283.063137334     -2579.492832309
    20 -1296.429712741      1283.059287997     -2579.489000738
    21 -1296.429745558      1283.050619843     -2579.480365401
    22 -1296.429758350      1283.048962240     -2579.478720591
    23 -1296.429766147      1283.049511806     -2579.479277953
    24 -1296.429775523      1283.048754244     -2579.478529766
    25 -1296.429780533      1283.046686064     -2579.476466597
    26 -1296.429785732      1283.044411999     -2579.474197731
    27 -1296.429790148      1283.042671102     -2579.472461250
    28 -1296.429796148      1283.039993521     -2579.469789669
    29 -1296.429804761      1283.037592291     -2579.467397052
    30 -1296.429814238      1283.034747840     -2579.464562078
    31 -1296.429821413      1283.032462167     -2579.462283581
    32 -1296.429827647      1283.028549177     -2579.458376824
    33 -1296.429829816      1283.026142032     -2579.455971848
    34 -1296.429831101      1283.025868988     -2579.455700089
    35 -1296.429832688      1283.025736296     -2579.455568985
    36 -1296.429834338      1283.025223108     -2579.455057446
    37 -1296.429835841      1283.025397840     -2579.455233681
    38 -1296.429837090      1283.025708046     -2579.455545136
    39 -1296.429838237      1283.025904485     -2579.455742722
    40 -1296.429839131      1283.025516055     -2579.455355186
    41 -1296.429839520      1283.025234997     -2579.455074516
$end
