53

C          0.15981       -1.78672        1.71505
C         -0.04019        0.45916        2.42946
C         -0.00849        0.10610        3.74570
C          0.19852       -2.21697        3.07174
C          0.11189       -1.24400        4.15532
C          0.14612       -1.62825        5.50712
C          0.07051       -0.77813        6.60406
C         -0.13417        1.51075       11.58906
C          0.00000       -0.00000       11.49102
C          0.04321       -0.49181       12.80475
C         -0.05374        0.59612       13.71412
C         -0.05880        0.64779       15.10347
C          0.00000        0.00000        0.00000
N          0.03904       -0.43247        1.41762
C          1.07626        2.27318       11.05493
C         -1.45956        2.04809       11.05395
O         -0.15565        1.74621       13.04337
C          0.16449       -1.85950       13.12183
C          0.04331       -0.50347       15.91765
C         -0.17018        1.89918       15.75695
N          0.26538       -2.99698       13.29886
N          0.12446       -1.41832       16.61975
N         -0.26078        2.91699       16.29800
C          0.10874       -1.21127        7.92573
C          0.03217       -0.35276        9.01908
C          0.06983       -0.78150       10.34140
C         -0.13314        1.49489       -0.22622
C          0.24402       -2.73483        0.67837
C          0.36386       -4.07819        0.96281
C          0.40353       -4.51763        2.28892
C          0.32207       -3.60050        3.31256
H         -0.13260        1.49487        2.14859
H         -0.07940        0.90221        4.47071
H          0.23962       -2.68102        5.73631
H         -0.02447        0.29204        6.44514
H          0.91550       -0.35666       -0.47547
H         -0.83849       -0.51279       -0.47476
H          1.14108        2.18315        9.97149
H          0.97983        3.32880       11.31040
H          1.99785        1.88701       11.49090
H         -1.50666        1.94814        9.97046
H         -2.29905        1.50562       11.48920
H         -1.55079        3.10420       11.30940
H          0.20338       -2.27693        8.11677
H         -0.06184        0.70627        8.80262
H          0.16476       -1.85094       10.50363
H         -0.14826        1.66042       -1.30422
H         -1.06104        1.89742        0.18190
H          0.70941        2.05497        0.18127
H          0.21592       -2.42269       -0.35325
H          0.42705       -4.79027        0.15014
H          0.49771       -5.57215        2.51229
H          0.35460       -3.96047        4.32952