$coord
    1.77819650893577     -0.01193112671820     -4.08293176037701  o
   -6.62725384753573     -0.01748118718685     -0.64881306013561  n
    1.15851279977843      0.01483421702484    -10.66746552509923  n
   -6.59309180070113      0.01087753984491     -7.62049580390289  n
   -0.00731927878983      0.02640233122508     15.13967546687460  n
   -0.73488971415722     -0.00902382409069     -4.34844455639335  c
   -1.90163455240418     -0.01676690869284     -1.86867293927156  c
   -0.01451076894529     -0.02145956503280     -0.05113466081193  c
    2.51713986365497     -0.01714253499739     -1.42803110916599  c
   -1.77711464717317      0.00121821990352     -6.74432464786281  c
   -0.14796470281968      0.00861695460129     -8.90144308599965  c
   -4.44085566397526      0.00607170579032     -7.17909799491237  c
   -4.52899740820679     -0.01713588033297     -1.29756745841491  c
    0.29892331153631      0.00939113495479     12.56657515087642  c
    2.73942000553313      0.00856018683868     11.43957805075959  c
    4.43123460263946      0.01972691473117     12.61164456272283  h
    3.01449525056423     -0.00555281742333      8.83624166700956  c
    4.92282713414522     -0.00414585985103      8.04002170549384  h
    0.91969230512263     -0.01928755476713      7.17474576389163  c
   -1.50647652693939     -0.02202605681949      8.30654844882180  c
   -3.19712867935304     -0.03451995520552      7.12235014740731  h
   -1.81944669352520     -0.00804629288506     10.90100965694480  c
   -3.73295652725500     -0.00985716455170     11.65801173476464  h
    2.18513542424117      0.04944157389941     16.79182446246591  c
    5.68020906242047      2.40884945670349     -2.31969581261984  h
    4.78569612934981      2.50253460961668      0.93456407243563  h
    2.90523806666492      4.08211061499282     -1.37653259482900  h
   -2.52555708435730      0.03118465513666     16.23674652572925  c
   -2.37308516471800      0.04058771324157     18.30436681974549  h
    4.06514756622404      2.39658072120258     -1.01035909111483  c
   -3.62215554875285      1.71559232931772     15.67072277702878  h
   -0.45058366280140     -0.02644009323297      2.61139569978599  c
   -2.44684489122535     -0.02914061014787      3.14742699869766  h
    1.34251446042334     -0.02366967371030      4.47735470643796  c
    3.33631854814326     -0.02081481626948      3.93154402581660  h
    4.06738156939673     -2.43062372538181     -1.01870609623778  c
    2.90967814339115     -4.11571266460182     -1.39372452216538  h
    4.78462081546765     -2.54365737563599      0.92710179449932  h
    5.68462330224539     -2.43582917101978     -2.32536356228597  h
    3.37270192459925      1.74018760627446     16.49019331587740  h
    1.55646133670067      0.05959344134923     18.76706431965596  h
    3.38981061170578     -1.63297782067886     16.51366770508077  h
   -3.62080487097156     -1.65915704193586     15.68680880512254  h
$user-defined bonds
$end
