$dipgrad          cartesian dipole gradients
  -.12265812121496D+01  0.36297727389444D-02  -.34760326361438D+00
  0.20129534261335D-02  -.30075618326805D+00  0.36622307523612D-02
  -.31106431636666D+00  0.12133601717776D-02  -.92108156414017D+00
  -.37340977784544D+00  -.77554497273591D-03  -.25559652863146D+00
  -.10767268426065D-04  -.26301975129836D+00  -.42244736278287D-03
  0.82279483026357D-01  0.93320041018816D-04  -.12404007060017D+00
  -.25501743024639D+00  -.34254900974441D-03  0.28164966798411D+00
  -.17811722176671D-03  -.30413898421356D+00  0.15647979201986D-02
  0.81804276160377D-02  0.33802677490711D-03  -.67451117443645D+00
  -.46378493278286D+00  0.39102300455287D-03  -.34725295937135D+00
  0.79496372008913D-03  -.27924550774466D+00  0.58984190261305D-03
  -.69498237396200D-01  -.84764036598596D-04  -.34284312695006D+00
  -.52085452198895D+00  0.45962908066885D-03  0.34601185277798D+00
  -.15908315131729D-02  -.20924559755134D+00  -.11771471505145D-01
  -.79167076085093D-01  -.12303431286943D-01  -.32783962805409D+01
  0.94668690674249D+00  -.42800352688966D-02  0.23943528436343D+00
  -.23666487607144D-02  0.16683189634715D+00  -.87766501814290D-02
  0.45662199335768D+00  -.34556177234917D-02  0.26247637591916D+01
  -.27040258746672D+00  -.15864033024497D-03  -.79909124967505D+00
  0.90972118595583D-04  -.11230026251085D-01  0.31954251011825D-02
  -.23121176579566D+00  -.72421399583625D-03  -.18698694466509D+01
  0.28739701985430D+00  -.11176128149994D-02  0.71817884504898D+00
  0.21756676145081D-03  -.53069782031072D-01  -.33048915307179D-02
  0.42384244824495D+00  0.18614828649770D-02  0.27318487224860D+01
  0.34245838764035D+00  -.86975179308757D-03  -.81727347008590D-01
  -.14717816289710D-02  0.39765932747825D+00  -.19315655652534D-03
  0.27904352453668D+00  -.67145643667238D-03  0.53242341827977D+00
  -.17770565190251D+00  0.97189465833126D-03  -.25938305377728D+00
  0.13350190093953D-02  -.40405522408665D-01  0.41445175298105D-02
  -.38864930507513D+00  0.19076314360999D-02  -.13061201409849D+01
  0.14718769955217D-01  0.10792941375496D-02  -.53813080331474D+00
  0.49257229699806D-03  0.13449222840227D+00  -.15210951440511D-02
  -.11379164614462D+00  -.79133263514451D-03  0.67766645126165D+00
  0.53788458796814D+00  -.99312321081412D-03  0.55601237890339D+00
  -.62048439025580D-03  0.15229743779105D+00  0.25708104550924D-03
  0.12342296464014D+00  0.46362329882960D-03  0.70902921938475D-01
  0.37924670812708D+00  0.99354235123570D-03  0.43316560758365D+00
  0.51479544371791D-03  0.14973036250533D+00  0.10358176639951D-02
  -.33234632776700D-01  0.90077232803571D-04  -.82748895763232D-01
  -.40009929658377D-01  -.22838333599800D-02  -.36201417841793D+00
  -.86064943195942D-03  0.14874539243536D+00  0.17090478332900D-01
  -.35523585448575D-01  0.11832457049114D-01  0.29939421629826D+01
  0.18366070147859D-01  0.40940703928477D-02  0.11124450689827D+01
  0.96468772366257D-05  -.18708775594535D+00  -.36627563099609D-02
  -.61422885032335D-01  -.27884607051572D-02  -.12017505127806D+01
  -.41866862520494D-02  -.74849586415228D-03  -.85270334670233D-01
  -.70846192101762D-03  0.11955449304447D+00  -.11756227314361D-02
  -.68780556248609D-01  -.69142485039401D-03  -.21127797618434D-01
  0.24002348597160D+00  0.10628054976056D-02  0.62693004399482D+00
  0.18956814211476D-02  -.76383049997637D-01  0.90197542554891D-02
  0.17728695788672D+00  0.46687682313980D-02  0.13086703345423D+01
  -.44519754085977D-01  -.65359705346080D-04  0.44384395066284D-01
  -.28735530233718D-03  0.97154165517999D-01  -.42988225987308D-03
  0.85720394173019D-01  -.22508154708761D-03  0.63437357071816D-01
  -.26200212624666D+00  0.35249198237532D-03  0.40594558681309D+00
  -.12939856407962D-02  -.52902941475129D-01  -.74607581260909D-02
  -.18273613084366D+00  -.52306416628080D-02  -.22588837577073D+01
  0.46940602598461D-01  -.51121568428324D-03  -.83401553791537D+00
  0.34801666179423D-03  -.58826431363725D-01  0.57532859954584D-02
  -.64593134448858D-01  0.31436914106965D-02  0.98230390055490D+00
  0.74136669280737D-02  -.56016548631710D-03  -.50371958290685D-01
  -.48917250806619D-03  0.98543748010065D-01  -.76502188277980D-03
  -.62217494826359D-01  -.75399783265306D-03  0.53037590961402D-01
  -.16177585089144D-01  -.20514092208227D-02  -.74626107868159D+00
  0.39241322027388D-03  -.16243194199299D+00  -.10688962371250D-01
  -.26180677095168D-01  -.31576639080132D-02  -.13444877334217D+01
  -.19861236845468D-01  -.12951420810353D-03  0.79542288824972D-01
  -.18311978539734D-03  0.11795965308773D+00  -.10244770304623D-02
  0.39736505122583D-01  -.23988710594109D-03  0.10939223739150D-01
  0.49955370900859D+00  0.51702753885168D-02  0.88422877602536D+00
  0.36487964477623D-02  0.22978867327321D+00  0.50184885207921D-02
  0.27079673680050D+00  0.27632133840102D-02  0.71458956672710D+00
  -.33299638548596D-01  -.19617770887772D-01  0.66668029848670D-01
  -.13300524248251D-01  0.50461192364517D-01  -.10470168529004D-01
  0.82901936129315D-01  -.17982610762453D-02  0.93800814641606D-02
  0.50580828792131D-01  -.41337747618470D-02  -.64533451886610D-01
  -.15091926467785D-01  0.49430264441654D-01  -.55397511515613D-02
  -.65734504953354D-01  -.86264992842888D-02  -.47936237647015D-01
  0.14718812990763D-01  0.67813789816996D-01  -.29028043564554D-01
  0.35450462118409D-01  -.39159583467763D-01  -.42757863169154D-02
  -.94264818566743D-02  0.18738691717134D-01  0.64318971987405D-01
  0.52648245789040D+00  -.36456830157246D-02  -.86365090910227D+00
  -.15005108809739D-02  0.23235612137628D+00  -.26152537095421D-02
  -.17211095934862D+00  0.17177666548070D-03  0.46478478449995D+00
  0.59944321932420D-01  -.49837316013127D-04  -.29228191343407D-01
  0.33872951977507D-03  0.88679113512400D-01  -.13981123075404D-02
  0.14280729405604D-01  -.92875520480737D-03  -.15806657408927D+00
  -.40810302011421D-01  -.12563976171430D-01  -.29355530559148D-01
  0.36993134132706D-01  -.41870417026539D-01  -.41438775696639D-01
  -.10030889826180D-01  0.31889278699147D-01  -.60986411865884D-01
  -.63250412856392D-01  0.50939033720543D-01  0.21235449193413D+00
  0.82512115191626D-01  -.72200269358411D-01  -.37326135691916D-01
  -.38409621146881D-01  0.58744375386744D-01  0.64646072087692D-01
  -.15917158320350D+00  -.20372226076710D-03  -.88552358466969D+00
  -.75486896036459D-03  -.13255200298098D+00  -.33827634236721D-02
  -.33580094092892D+00  -.32814609196744D-02  -.26546311986814D+01
  -.33512178092115D-02  -.22327969383362D-03  0.74427097526055D-01
  0.11424756857225D-03  0.11199014161090D+00  0.42319848704795D-03
  0.26754775125996D-01  0.13442540308717D-03  -.52223129626298D-02
  0.24591906602745D+00  0.29386904709395D-03  0.66977413776465D+00
  0.14432875638694D-02  -.42792771407610D-01  0.83637290227619D-02
  0.27194340223606D+00  0.49879260054512D-02  0.29928888140701D+01
  -.68104618569006D-01  -.20808986889153D-04  0.94564631335994D-01
  -.53322535756899D-03  0.10020009765979D+00  -.25114504237373D-04
  0.14437839743272D-01  -.16698768364313D-03  0.74344067327785D-01
  -.40611810812138D-01  0.13165774413839D-01  -.29417199599982D-01
  -.37231391712472D-01  -.41414804124014D-01  0.41903751115029D-01
  -.10153186780566D-01  -.31737559279134D-01  -.60464623949860D-01
  0.14877243005024D-01  -.67839125269164D-01  -.29320897258853D-01
  -.35383293899082D-01  -.38978927446708D-01  0.36981146796077D-02
  -.94511001372944D-02  -.19306066234364D-01  0.64370682969938D-01
  0.50622539799430D-01  0.42323093488138D-02  -.64211842156350D-01
  0.15069733351642D-01  0.49474693262024D-01  0.56550499780408D-02
  -.65413685839437D-01  0.91117098689585D-02  -.48054495480825D-01
  -.33762987792585D-01  0.19554943702314D-01  0.66770571921281D-01
  0.12842467888402D-01  0.50213779389388D-01  0.10831351639176D-01
  0.82807340681080D-01  0.18799702161346D-02  0.95290778636026D-02
  -.74110473050587D-01  -.64467344795009D-01  -.23629667506162D+00
  -.93348403762231D-01  -.77137864389699D-01  -.61471964027710D-01
  0.17596334033534D-01  0.46652057713241D-01  0.16824314180070D-01
  0.44975349341789D-01  0.24830116215240D-03  0.80801390226622D-01
  -.29679057640303D-03  0.87163320082620D-01  -.13451481789860D-02
  0.77809633015736D-02  -.11714580022755D-02  -.14729963387270D+00
  -.75269971160064D-01  0.62626992993792D-01  -.23608637440216D+00
  0.93320830242668D-01  -.75580944527384D-01  0.59897699907795D-01
  0.16870100907032D-01  -.45026231576114D-01  0.17583717069974D-01
  -.62554086369394D-01  -.49427239350128D-01  0.21008084604696D+00
  -.82336093744220D-01  -.72295041343245D-01  0.38381552680471D-01
  -.37702042566553D-01  -.57524610583733D-01  0.65325996865855D-01
$end
