$energy      SCF               SCFKIN            SCFPOT
     1 -1065.453941103      1058.948573393     -2124.402514496
     2 -1065.453941106      1058.948450195     -2124.402391301
     3 -1065.537815766      1058.405607203     -2123.943422969
     4 -1065.618922755      1057.725348335     -2123.344271090
     5 -1065.660900978      1056.417650588     -2122.078551566
     6 -1065.682579023      1056.208105470     -2121.890684492
     7 -1065.693509539      1055.432243071     -2121.125752611
     8 -1065.689792563      1055.168489315     -2120.858281878
     9 -1065.694391710      1055.121564977     -2120.815956687
    10 -1065.696782536      1055.157880451     -2120.854662987
    11 -1065.695925367      1055.054072107     -2120.749997473
    12 -1065.696987090      1055.049784963     -2120.746772053
    13 -1065.698037816      1055.056091101     -2120.754128917
    14 -1065.698182443      1054.994722438     -2120.692904881
    15 -1065.698483344      1054.967430525     -2120.665913869
    16 -1065.698784362      1054.925916126     -2120.624700488
    17 -1065.698884045      1054.893721280     -2120.592605326
    18 -1065.698973222      1054.881562971     -2120.580536194
    19 -1065.699053888      1054.878928390     -2120.577982278
    20 -1065.699110304      1054.875018267     -2120.574128571
    21 -1065.699184905      1054.866951492     -2120.566136397
    22 -1065.699282519      1054.851996821     -2120.551279341
    23 -1065.699402705      1054.828745056     -2120.528147761
    24 -1065.699480756      1054.817151283     -2120.516632039
    25 -1065.699533829      1054.814681833     -2120.514215662
    26 -1065.699573633      1054.818855433     -2120.518429066
    27 -1065.699624573      1054.827711249     -2120.527335822
    28 -1065.699671192      1054.834354812     -2120.534026005
    29 -1065.699702171      1054.835650411     -2120.535352581
    30 -1065.699726894      1054.832123177     -2120.531850070
    31 -1065.699745592      1054.825930264     -2120.525675857
    32 -1065.699764236      1054.821129651     -2120.520893887
    33 -1065.699788341      1054.817193632     -2120.516981973
    34 -1065.699815439      1054.817369479     -2120.517184918
    35 -1065.699837302      1054.818840349     -2120.518677651
    36 -1065.699854533      1054.819145731     -2120.519000264
    37 -1065.699867824      1054.816337597     -2120.516205422
    38 -1065.699879379      1054.811870559     -2120.511749939
    39 -1065.699892414      1054.808359942     -2120.508252356
    40 -1065.699902963      1054.807350936     -2120.507253899
    41 -1065.699913753      1054.810009907     -2120.509923660
    42 -1065.699927688      1054.815157430     -2120.515085118
    43 -1065.699937975      1054.818697611     -2120.518635586
    44 -1065.699947382      1054.818998431     -2120.518945813
    45 -1065.699958217      1054.816816359     -2120.516774576
    46 -1065.699970551      1054.811789009     -2120.511759560
    47 -1065.699982663      1054.807623982     -2120.507606644
    48 -1065.699993534      1054.805913939     -2120.505907473
    49 -1065.700003058      1054.806771987     -2120.506775045
    50 -1065.700011729      1054.808391374     -2120.508403102
    51 -1065.700020758      1054.810751190     -2120.510771947
    52 -1065.700039255      1054.811779490     -2120.511818746
    53 -1065.700063053      1054.811837055     -2120.511900108
    54 -1065.700076244      1054.812050038     -2120.512126281
    55 -1065.700083448      1054.811481292     -2120.511564740
    56 -1065.700097203      1054.813563248     -2120.513660452
    57 -1065.700111052      1054.816602341     -2120.516713393
    58 -1065.700115658      1054.818131189     -2120.518246847
    59 -1065.700125609      1054.820776635     -2120.520902244
    60 -1065.700130398      1054.822810658     -2120.522941056
    61 -1065.700133115      1054.825339440     -2120.525472555
    62 -1065.700143309      1054.827019054     -2120.527162363
    63 -1065.700146986      1054.824736718     -2120.524883704
    64 -1065.700149199      1054.825518812     -2120.525668011
    65 -1065.700150213      1054.823354221     -2120.523504433
    66 -1065.700152315      1054.822674243     -2120.522826558
    67 -1065.700154883      1054.821450226     -2120.521605109
    68 -1065.700157156      1054.822058531     -2120.522215687
    69 -1065.700159121      1054.821839741     -2120.521998862
    70 -1065.700162742      1054.821534084     -2120.521696826
    71 -1065.700165350      1054.820964347     -2120.521129697
    72 -1065.700168077      1054.820478027     -2120.520646104
    73 -1065.700171338      1054.821169955     -2120.521341293
    74 -1065.700175609      1054.822936449     -2120.523112059
    75 -1065.700177409      1054.823501385     -2120.523678794
    76 -1065.700179112      1054.824501774     -2120.524680886
    77 -1065.700180264      1054.825154948     -2120.525335212
    78 -1065.700181414      1054.825721228     -2120.525902643
    79 -1065.700182919      1054.824686567     -2120.524869485
    80 -1065.700185275      1054.822874494     -2120.523059769
    81 -1065.700186488      1054.822938131     -2120.523124619
    82 -1065.700189131      1054.822904412     -2120.523093542
    83 -1065.700190996      1054.823190601     -2120.523381597
    84 -1065.700191975      1054.823092120     -2120.523284095
    85 -1065.700192368      1054.822229487     -2120.522421855
    86 -1065.700192885      1054.820631238     -2120.520824123
    87 -1065.700193299      1054.819765012     -2120.519958311
    88 -1065.700193471      1054.819829304     -2120.520022775
    89 -1065.700193671      1054.820269149     -2120.520462819
    90 -1065.700193904      1054.820737841     -2120.520931745
    91 -1065.700194039      1054.821005021     -2120.521199060
    92 -1065.700194205      1054.821122648     -2120.521316853
    93 -1065.700194513      1054.820799237     -2120.520993750
    94 -1065.700194587      1054.820579698     -2120.520774285
    95 -1065.700194668      1054.820524852     -2120.520719520
$end
