43

O          0.96032        0.00000       -2.13684
N         -3.49852        0.00000       -0.45353
N          0.58912        0.00000       -5.62126
N         -3.44643        0.00000       -3.97146
N          0.00000        0.00000        7.96877
C         -0.37270        0.00000       -2.26445
C         -0.98486        0.00000       -0.97035
C          0.00000        0.00000        0.00000
C          1.34128        0.00000       -0.70351
C         -0.92079        0.00000       -3.52793
C         -0.08011        0.00000       -4.68719
C         -2.31498        0.00000       -3.74824
C         -2.38949        0.00000       -0.71301
C          0.15977        0.00000        6.61238
C          1.43765        0.00000        6.01717
H          2.21163        0.00000        6.56821
C          1.57744        0.00000        4.65964
H          2.45407        0.00000        4.29354
C          0.47947        0.00000        3.77699
C         -0.79962        0.00000        4.38029
H         -1.57114        0.00000        3.82598
C         -0.95852        0.00000        5.74560
H         -1.83431        0.00000        6.11363
C          1.15294        0.00000        8.84412
H          2.88582        1.30895       -1.12216
H          2.51932        1.26115        0.43493
H          1.57320        2.05096       -0.58593
C         -1.30081        0.00000        8.57380
H         -1.22820        0.29845        9.50446
C          2.15224        1.26841       -0.47369
H         -1.89044        0.60804        8.08083
C         -0.26192        0.00000        1.39124
H         -1.17040        0.00000        1.66878
C          0.69640        0.00000        2.36184
H          1.60023        0.00000        2.06893
C          2.15224       -1.26841       -0.47369
H          1.57320       -2.05096       -0.58593
H          2.51932       -1.26115        0.43493
H          2.88582       -1.30895       -1.12216
H          1.79496        0.67455        8.53816
H          0.86933        0.20953        9.75805
H          1.57558       -0.88409        8.82728
H         -1.67241       -0.90650        8.54954