$coord
    9.48813187767053      8.27959410697053      3.51659975681485  c
   11.59347077498825      7.11620364981176      4.43268928097655  c
   -3.56360776744512      6.17294062161004     -2.97911987910810  c
   -6.27162102780866      5.98037421744899     -2.68035014165502  c
    1.91969129180621      3.49914388241292     -4.34445652155827  c
   10.46692859039977      5.36946028416543      0.91717824696385  c
   19.59419380577066      2.97227151599943     -3.69974544687201  c
    2.11348416939424      6.25450906912416     -0.35104972584842  c
   -7.31334443496494      3.99210102634409     -1.19949434266064  c
   -2.03889965062916      4.32487443409363     -1.75857221540132  c
    0.83242589854898      3.97446668724732     -1.66945859568377  c
   19.85699043542068      3.86802533722237      1.03320977735742  c
   -3.15776326190374      2.43778599517825     -0.32390475212421  c
   20.48312941504177      2.02234010963178     -1.11123988038152  c
   -5.80499746657178      2.22480684963430     -0.02052107261140  c
    1.08198371580366      1.57871858877032     -0.02012489351225  c
    5.76451644647855      0.85232764000357     -0.00513839748227  c
   10.40137330463565      0.25178280664439     -0.21081000274265  c
   15.03267635084191     -0.31908195274387     -0.39057164014210  c
   24.06913421334444     -0.46394909166909     -0.82196904572808  c
   26.64121897546151     -0.94245401772124     -0.87273442982975  c
   19.72714738478524     -0.69903962626229     -0.53723561113486  c
    3.23183667797139      0.25497666760994      0.65908845231068  c
    7.90976806285519     -0.54856491815232      0.54570074333590  c
   12.53870277705651     -1.27195374875459      0.03924681565800  c
   17.24599524863891     -1.67583597233156     -0.19495567681508  c
   21.93443518066929     -2.11409100058222     -0.37347886195618  c
   -1.89787002438897     -1.31667075990276      2.30212483688591  c
    7.80158467399202     -3.02283137425772      1.98440466812487  c
   12.26190274805878     -4.01140495349044      0.85083278944546  c
    9.54456707882574     -5.02207289710478      0.79081996742278  c
    9.24147595895510     -7.74865140362202      1.91431624816306  c
    6.57680809369579     -8.75784436692990      1.28909684172983  c
    9.61063029111647     -7.80190803678010      4.80413582507784  c
   11.17970788520078     -9.54801737646542      0.68360228605774  c
    8.79253407095003      7.12780143875419      1.27516237176948  n
   12.24791581676561      5.26272480837321      2.77035952165301  o
   10.75236757902179      3.33331969861382     -1.70142394119379  s
   23.23545394656638      1.88407976513870     -1.24147563764221  o
   27.67704269281633     -3.39834015528847     -0.45496288137871  c
   -1.30396065046960      0.85784264537376      0.72660209329317  n
   28.36086185131547      1.08357670742711     -1.36359838598023  c
   21.97755804262239     -4.74831982451556      0.15689890989080  c
   28.60049344726389     -5.36537408798756     -0.12735671850247  n
   29.77787060541699      2.71586192089975     -1.75844231899480  n
   21.81756073516853     -6.89332163166076      0.60342044855620  n
   -2.27452828237744     -3.77979001436007      0.81741636946443  c
   -2.90139845284001     -6.03349059441660      2.52368326658116  c
   -3.29959469695570     -8.49432442728220      1.06026362148655  c
   -2.61233881461780      8.20753574785859     -4.47673829984229  c
   -4.21589735416812      9.92606629843196     -5.60387156482089  c
   -6.86996959630732      9.72328623545027     -5.30934669024370  c
   -7.86299666449056      7.78865197339954     -3.87618255312390  c
    8.42508133540270      9.84714051885647      4.31965854806062  h
   12.76872657291181      7.33816634861097      6.10152641853782  h
    1.56281933145669      5.12733515626747     -5.58274491977579  h
    3.97093576122648      3.18428704364167     -4.28813368791911  h
    1.03084309142973      1.83327790874145     -5.21704357593273  h
   17.53925447062369      3.27068511693949     -3.72952760407295  h
   20.53207910707038      4.78011071547280     -4.11924924173155  h
   20.08962718226859      1.61118458463859     -5.19040917650514  h
    4.17267971140518      6.03457881890279     -0.20047359284779  h
    1.74593414895203      8.00489620748632     -1.40888638501542  h
    1.34805513597399      6.50987939961189      1.56704909010699  h
   -9.36727967604096      3.87857028261555     -1.00596513994166  h
   17.80594018046497      4.13708503374965      1.22337556397296  h
   20.60075049758568      3.15988848562416      2.84072796700681  h
   20.73911485052199      5.70823942203926      0.63294610952724  h
   -6.64518833180483      0.71102795409687      1.09843784082540  h
    6.08024967344059      2.58141572948376     -1.07590718568105  h
   15.14045852530944      1.67826089151454     -0.87353251850416  h
    2.93623648793545     -1.43690543003544      1.79764401243460  h
   17.16905198368589     -3.68817564523978      0.26220717217567  h
   -0.38087107531031     -1.53894906847906      3.70838653608112  h
   -3.61426720889331     -0.86557095145217      3.38873891441066  h
    8.38573159989191     -2.68548169511901      3.96278471957592  h
    5.85102042550336     -3.71823670717116      2.05791245108959  h
   13.46934406609780     -5.17010140755524     -0.38319836797413  h
   13.06823658159892     -4.21223677115278      2.76893751211356  h
    8.99480046360755     -5.17098611675376     -1.22062204039061  h
    6.36157057463089    -10.71608350028981      1.96493681132622  h
    6.23394544753073     -8.75947427794822     -0.76639161246242  h
    5.07247400588916     -7.63414267226918      2.18744804672136  h
    9.48361942629703     -9.75815585607551      5.50885967219775  h
   11.47544178160707     -7.07000947627378      5.37250668497409  h
    8.15731399219889     -6.69364959698556      5.80130767685486  h
   11.06616073611117     -9.48142298566672     -1.39674117457387  h
   13.13659043001232     -9.10432537906885      1.23209948174210  h
   10.81453569099546    -11.51352158132203      1.26788489127483  h
   -3.80151425600339     -3.50391127684766     -0.57775800415574  h
   -0.55030266190010     -4.18378374440088     -0.28564079995994  h
   -1.36766185847893     -6.29146407222566      3.91886323952916  h
   -4.61356032566821     -5.59934595275240      3.63999881264532  h
   -3.75124402034400    -10.07360907169898      2.33845513976345  h
   -4.86605364443212     -8.31829603944164     -0.30355141890695  h
   -1.59336192838074     -9.02072693424408     -0.01445378832474  h
   -0.58093102019104      8.42032401105375     -4.73786106793638  h
   -3.42889742195415     11.46363090270466     -6.73753630977483  h
   -8.11597677376668     11.09861507901476     -6.21540844413581  h
   -9.90829702117219      7.61456433533803     -3.63244953445939  h
$user-defined bonds
$end
