$dipgrad          cartesian dipole gradients
  0.37718078841171D-01  -.19720345881467D+00  -.52607573641864D-01
  -.69686483942711D-01  0.12918766976633D+00  0.14031552859108D+00
  0.34217947003403D-01  0.59989573316283D-01  0.73329474246971D-01
  0.98240021881594D-01  -.10328341069987D+00  0.63745858321618D-01
  -.12795945709813D+00  0.53704428568605D-01  0.18400647173393D-01
  0.11173394349712D-01  0.76374052489469D-02  0.39839672941927D-01
  0.18164218318205D+00  -.16249022474245D+00  0.88146336885318D-01
  -.62989112934355D+00  0.37893990854155D+00  -.18535979213830D+00
  0.42037866086749D+00  -.23280886544954D+00  0.15165688025027D+00
  -.51561195467040D+00  0.12143393534431D+00  -.36843517071382D-01
  -.47272402104664D-01  -.10110844344550D+00  0.56544510503665D-01
  0.49146100271476D-01  0.61362154818368D-01  -.58417834718540D-01
  -.33469643740269D-01  0.26665336909741D-01  0.13202349492500D-01
  0.22917105015245D+00  -.39707549706078D-01  0.24278205077922D-01
  0.28758420653958D-01  -.11303967115719D-01  0.42382031302483D-01
  0.30020434732537D+00  -.15685011851776D+00  0.14569596727956D+00
  -.10553985367465D+00  0.46868154763030D+00  0.26341087253802D+00
  0.51601816947524D-01  0.43159785479056D+00  0.35020173246805D+00
  -.82798768734572D-01  0.20751467459482D-01  0.73467857501547D-02
  -.27205647112803D-01  -.51973729723421D-02  0.22122566954467D-01
  -.65656982060456D-01  -.22254137211993D-01  -.21827632491123D-01
  -.11641249081577D+00  0.19151490481248D-01  -.20138837629233D-01
  0.58841435375252D-01  0.40048866321840D-01  0.64614014069393D-02
  -.26387272528721D+00  0.10666635316122D+00  0.92847807551052D-02
  0.94292179585487D-01  -.19317885191877D-01  -.40772477977460D-02
  0.15234834111680D+00  0.73510903852015D-01  -.12534229912757D+00
  -.10238292191102D+00  -.11679954114897D+00  0.16916409617665D-02
  -.22419723844357D+00  0.25535757373277D-01  0.44897777704708D-02
  0.53680739929906D+00  -.46027719303956D+00  0.15691265569922D+00
  -.42093200878478D+00  0.25358340543128D+00  -.25854025425124D+00
  0.50766940848740D+00  -.16151079394774D+00  0.69276449395942D-01
  0.20881740087130D-01  0.15330898770566D-01  0.73015247144035D-01
  0.34424991244040D-01  0.61181220134962D-01  0.82366931682264D-01
  -.75386351763114D-01  0.19212652861583D-01  -.20982112428781D-01
  0.88063901090643D-02  -.53005225097535D-02  -.28333546273991D-01
  0.88735428942716D-01  0.17909103282502D-01  -.26750484705698D-01
  0.14510289084286D+01  -.90457339652655D+00  0.46062456027929D+00
  -.15334171981491D+01  0.81203922244318D+00  -.36051344015963D+00
  0.10126263218692D+01  -.49551219618957D+00  0.27921954469208D+00
  0.56718098810929D+00  -.20565358760262D+00  0.25096074823802D-01
  0.30982765852691D+00  0.21887208962883D+00  0.12608578855156D-01
  -.66797387118614D-01  0.35611666138854D-01  0.36717017481308D+00
  -.14199292391328D+00  0.25184097265162D+00  -.15283360008778D+00
  0.20834445522307D+00  -.16940270608463D+00  0.16769887749804D-01
  -.19049913884361D+00  0.19080190190565D-01  -.12359370503124D+00
  0.53627427489195D+01  -.10347167411840D+01  0.30956458544233D+00
  -.11257107184693D+01  0.29203389054452D+00  -.10846284743281D+00
  0.88140595567685D-01  -.61622781326952D-01  0.17846297805801D-03
  0.44957637856980D+01  -.84741907544466D+00  0.16239118842251D+00
  -.94277486347620D+00  0.47064094101308D-02  0.27443067320686D-01
  -.74184221126044D-01  0.74949909379423D-01  -.96470313425359D-01
  0.40954727999584D+01  -.69812215453003D+00  -.25782451708584D-01
  -.47811459912538D+00  0.37409748690019D+00  0.14201912280744D-01
  -.49681616464585D+00  -.19374796172676D-01  -.20929981118168D+00
  0.42557657531563D+01  -.63217291026433D+00  -.47410060774695D-01
  -.33249715787074D+00  -.40490298803496D-01  0.45344957109768D-01
  -.34366880714949D+00  0.74425415193416D-01  -.59315254747814D-01
  0.35667937882614D+01  -.40244117812071D+00  -.99678315238843D-01
  0.79978991358500D+00  0.58140267968565D+00  -.11614833431942D+00
  -.35953946485289D+00  -.60712166977561D-01  0.19646183928339D+00
  -.19181611520046D+01  0.29326716887584D+00  0.40394297336711D-01
  -.68815766125229D-01  -.68025669311703D-01  0.46201884515553D-02
  0.12420803946553D+00  -.14255646053775D-01  -.48496961296138D-01
  0.43648420253917D+01  -.60485895085435D+00  -.98383818559823D-01
  -.40730423378602D-02  0.42878388389883D-01  -.12966658948144D-01
  -.22536517618020D+00  0.11678059533495D-01  -.45989933939242D-01
  -.46317135448383D+01  0.92172932902538D+00  -.24832853442852D+00
  0.11405648458739D+01  -.29796132451684D+00  -.13957596752174D-01
  -.43189350589350D+00  0.44781448434608D-02  -.14803113413544D+00
  -.43272861597883D+01  0.81418847939124D+00  -.85056374207060D-01
  0.62682076548127D+00  -.12825195524565D+00  -.15226250336658D+00
  -.14713242632624D+00  -.10553630462773D+00  0.22714205545747D-01
  -.39153734980377D+01  0.46249211455509D+00  -.97237406192511D-02
  0.24900114938627D+00  0.60973515944500D-01  -.11395131734109D+00
  0.25155929055466D+00  -.12746054025798D+00  -.21811382146981D-01
  -.40721833171090D+01  0.55700666516361D+00  0.65418204557745D-01
  0.24431324090745D+00  -.34050455195938D-01  -.44645096748949D-01
  0.11778666254915D+00  -.43481217975103D-01  -.11268668489506D+00
  -.31806404433861D+01  0.35494919817313D+00  0.87303109339132D-01
  0.55021231239087D+00  -.21989575936347D+00  0.13786682831182D-01
  0.47316141876618D-01  0.20740195988059D-01  -.25149144479066D-01
  0.24284226949990D+00  0.10522002576406D+00  -.67356371187055D-01
  0.74586874835824D+00  0.46944331542230D+00  -.14996168325734D+00
  -.71685461814406D+00  -.56807793920203D-01  0.31129506239861D+00
  0.66363427155326D-01  -.42465949052629D-01  0.31822946986565D-01
  0.96370937663543D-01  -.36932748570691D-01  0.30063208489433D-01
  0.61966780918911D-01  0.53240596421904D-01  0.13737003093741D+00
  -.39054238254673D-01  0.11534601164147D+00  0.93039599987284D-02
  0.49790741249360D-01  -.58588248755885D-01  0.44011874108243D-01
  0.53519605961959D-01  0.40804119131963D-01  0.13758307531232D+00
  -.30365778148531D-01  0.28349345257336D-01  0.31483827979586D-02
  0.67070780537583D-01  0.15659657432704D+00  -.24547206279885D-01
  0.19422006996729D-01  0.44728746112863D-01  0.47300944055355D-01
  0.12227336961895D+00  0.30943637507036D-01  -.40264132272450D-02
  0.29907731103879D-01  0.18914327152424D+00  -.99026380674853D-03
  0.78547435877945D-02  -.79433702528879D-01  0.14688702937806D+00
  0.39089640504558D-02  -.25364240798538D-01  -.62433428111553D-02
  -.32412377202970D-01  0.11438602137800D-01  0.18562209556506D-02
  -.57064636043467D-02  0.50239387533045D-01  0.42545790693160D-01
  0.26982232177564D-01  0.66478586845658D-03  -.11000011323385D-01
  -.16780879684005D-01  -.15035443047759D-01  0.94279523845241D-02
  -.61823592495902D-02  0.25950174268945D-01  -.19749461959604D-01
  0.28287610953391D-02  0.31481267042227D-01  0.10241362964207D-01
  0.12032463529872D-01  -.99259112757142D-02  -.32630305029166D-02
  -.21110857085647D-02  0.41820872991973D-01  0.39302973427131D-01
  -.32771375029785D+00  0.11055303072103D+00  -.29837815011174D-01
  0.88529953934229D-01  -.50096986894488D+00  -.14737561327335D+00
  -.35614670979811D-01  -.86794178919742D-01  -.31331652521075D+00
  -.40179787860207D+00  0.19934739854905D+00  -.13293052507122D+00
  0.23014687431086D+00  -.37463681847449D+00  -.67067331945764D-01
  -.35928191305820D-01  -.28308529599365D+00  -.38184918005758D+00
  -.58560376348702D-01  0.12583625469140D+00  0.62159256145486D-01
  -.19559621691110D+00  -.67038202270852D-01  -.24178237458632D-01
  0.13475121213342D+00  -.19710644383942D-01  0.14448355779689D+00
  -.11604401130450D+01  0.37626222372079D+00  -.19302538765611D-01
  0.81795562212794D-01  -.87702270859413D+00  0.10549917569117D+00
  0.42867852354534D-01  0.99639828337225D-01  -.29716402144595D+00
  0.34341867540290D+00  -.23097516907748D+00  0.35116011781295D-01
  -.85356617576351D+00  0.46558954927145D+00  -.19076415625844D-01
  0.16028509282849D+00  -.53955778840295D-01  0.14910712223427D+00
  -.47968454639675D+01  0.13349479127921D+01  -.54721446102515D+00
  -.56666205998692D+00  -.61577255348713D+00  0.27483970331723D+00
  0.96864906461446D+00  0.13307559119073D+00  -.26488286197313D+00
  0.67024973202020D+00  0.17715047723904D+00  -.62092781119865D-01
  0.89172056822961D+00  0.12395003613236D+00  -.46550577789165D-01
  -.20126144204732D+00  -.82965837940672D-02  0.14857389173436D+00
  0.17303630611289D-01  -.40043995305175D-01  0.13004017843763D-01
  -.86267133174770D+00  0.47571992457666D+00  -.27238782155737D-01
  0.18605015729748D+00  -.72100616621668D-01  0.14565836632097D+00
  -.54697766598155D+00  0.12133656885194D+00  -.11311382564053D-01
  0.51549265719270D+00  -.42566862937557D+00  -.21118418961970D-02
  -.79060638170828D-01  0.13028180449076D-01  -.28380912018443D+00
  -.74652133973469D+00  -.39009074317873D-01  0.30769406409528D-01
  -.51563463223319D+00  -.27929103308690D+00  0.20835633184004D-01
  0.12922118793548D+00  -.15140908282460D-02  -.30468910310665D+00
  -.16090000733828D+00  -.45882598441125D-01  0.30082510045865D-02
  0.54381773813370D+00  -.44878239213892D+00  0.85316578714443D-02
  -.11085170414501D+00  0.33028678900649D-01  -.26504164079302D+00
  0.15730240645435D+00  -.32833078331598D-01  0.29759269737482D-01
  -.11371492484936D+00  0.63156334523148D-02  0.57257332068122D-02
  0.24769617103937D+00  -.60577069356773D-01  0.40514576682159D-02
  0.19231355771112D+00  0.91111631576893D-02  -.17757612962515D-01
  -.21234067416348D-01  0.12202708194720D+00  0.33814751884936D-02
  -.19369110619956D+00  -.63906881511554D-01  0.14233627152251D+00
  0.94314312803061D-01  -.67790444986282D-02  0.87855643976271D-02
  -.50283038814771D-01  0.32503157821844D-01  -.27843181866913D-02
  0.11202512780531D+00  0.47136329306996D-01  0.68972647051089D-01
  -.82974461278331D-01  0.44269229316445D-01  -.28043399932984D-01
  0.26513691456245D+00  -.21633148465308D+00  0.39891625244633D-01
  -.20324354371122D+00  0.73228268910743D-01  -.15440446006734D+00
  0.17356177924276D+00  0.45534535259959D-01  -.50402761143120D-01
  -.39036107348244D-01  0.44096368171650D-01  -.95077438450605D-01
  -.65500130542164D-02  -.90912975686164D-01  -.35301943665488D-01
  -.22197087557804D+00  -.37450082800315D-01  0.39372324349633D-01
  -.64139395668489D-01  -.13537713266927D+00  0.87913921188908D-02
  0.34060528004085D-01  0.21489393666063D-01  -.13495654273464D+00
  0.26355169453862D+00  -.10566979319666D+00  0.45365045229322D-01
  0.72995032697344D-01  0.41655462803203D-01  -.94290419396077D-01
  -.97551551247810D-01  -.77529031775928D-01  -.28786796264113D-01
  0.80118456046810D-01  0.55566561624985D-01  0.22864477071134D-01
  0.23119032155955D-01  0.52294490496941D-01  -.51964068548086D-01
  0.33674886631986D-02  -.54733354952761D-01  0.71033198947739D-01
  0.83139289685724D-01  0.22002935790380D-01  -.41333937759056D-01
  0.37603655578707D-01  0.11147929718945D+00  -.10765800363627D-01
  -.22343713275272D-01  -.33108671574619D-01  0.83829783097933D-01
  0.11712849187562D+00  0.51706174468620D-02  -.14769133890776D-01
  0.50794360395409D-01  -.46194654347720D-01  0.86233319978934D-01
  -.12703741322910D+00  0.88250472678236D-01  -.20050973067834D-01
  -.96999294557280D-01  0.24710140556610D-01  0.21836871404270D-01
  0.58572346611034D-02  0.55912779853991D-01  -.13553722896345D-01
  0.18650273860486D-01  -.18434914720032D-01  0.46681295650912D-01
  0.11442976749842D-01  -.49018652960292D-01  -.32804316560015D-01
  -.49462608034353D-01  -.36267877770240D-01  -.73607947098714D-01
  0.37051881625116D-01  -.44859920604025D-01  0.11078771273048D-01
  -.45957781809815D-01  0.30682616227290D-01  -.15286221921107D-01
  0.60338982811458D-01  0.55727421912934D-01  -.36818142858276D-02
  -.24137458484112D-01  0.95840759253951D-02  0.46642446439604D-01
  0.19989641394667D-01  -.56965079449594D-01  0.10275287997017D-01
  -.78141568629535D-01  -.42600811213252D-01  0.40961829405044D-01
  0.19701658848187D-01  0.23617566705834D-01  0.40515915386397D-01
  0.50646381664065D-01  0.18983793926126D-01  0.24160153230048D-01
  0.47728248590187D-01  -.15919136809341D-02  -.74045047650522D-01
  -.28386608411883D-01  -.34861237378701D-01  -.22300016490011D-01
  -.41787305249884D-02  0.18690140745605D-01  0.14549441317983D-01
  0.25867486392937D-01  0.48277281030117D-01  -.10103769846939D-02
  0.29469499936084D-01  -.17337045001642D-01  0.48580587646906D-01
  0.12324660857759D+00  0.43144139225349D-02  -.85876040730927D-02
  0.14371949710660D+00  -.10305106312573D+00  0.55937096088198D-01
  -.17621071214060D-02  0.63921563027066D-01  0.10881276071805D-01
  0.20710841872913D-01  0.73066413649920D-02  0.51110991972710D-01
  -.52520642295272D-01  0.42559768809759D-01  -.11022063280457D-01
  0.26530844885967D-01  -.42820009332078D-01  -.79154625874429D-01
  -.12665704818951D+00  0.14171809796065D-02  0.16319174471210D-01
  0.38873914017568D-01  0.67673353130796D-01  0.19905644600085D-01
  -.18446905318570D-01  0.23654532467612D-01  0.86838308682329D-01
  -.35962303774126D-01  0.22469081334045D-01  0.49908710810040D-02
  0.62379493364456D-01  0.46122422551579D-01  -.70118993563900D-02
  0.32450575835622D-02  -.16520661897123D-01  0.41675029301966D-01
  0.49301781319853D-01  0.10329091721348D-01  -.37520928820185D-01
  0.61089428293966D-01  0.30233330430095D-01  0.43328353423606D-01
  -.52375666082964D-02  0.12521960819535D-01  -.55427069769939D-01
  0.21320390852524D-01  -.50007259648804D-01  0.17164489213903D-01
  -.82837277485906D-01  -.58262550759817D-01  0.45487623401804D-02
  0.13162977774669D-01  0.19356405479198D-01  0.46557842289244D-01
  0.83837954971760D-01  -.47840611768585D-01  0.24559772510311D-01
  -.75702307629622D-01  0.51283549762808D-02  0.80867044426508D-01
  0.34835671526206D-01  0.82044665139206D-01  0.50347044033095D-01
  0.11956543100979D+00  0.21998721431095D-01  0.31337216667026D-01
  -.74497752443592D-02  0.82611638803764D-02  0.51469899353182D-01
  0.10985346229938D+00  0.32429012544413D-01  0.65538545064124D-01
  0.11578043918608D+00  -.55855108722457D-01  -.11804159196901D-01
  -.69042200275573D-01  -.17878864882054D-01  0.26355752829860D-01
  0.42024150293936D-01  0.24564493550914D-01  0.84638662381362D-01
  -.17727941711496D-01  0.25686087332204D-02  -.57939690131258D-03
  -.52175794249908D-01  -.28687671989078D-01  0.83317556022741D-01
  0.61514342982329D-01  0.84029125855911D-01  0.49057689142135D-01
  0.84279061175294D-03  0.81726621974425D-02  0.67097657551549D-02
  -.72123210387057D-01  -.10132603271813D-01  0.25016172888305D-01
  0.27890967727619D-01  0.22397604595604D-01  0.91608001158729D-01
  0.64719780069542D-01  0.21283454831794D-01  -.11657350211035D+00
  -.44585133425738D-01  -.34717508593208D-01  0.33932306765034D-01
  0.13960978757804D-01  0.93631970045534D-02  -.11173811575649D-01
  -.15751147577257D+00  -.60059030449842D-02  0.10832147650101D+00
  -.82094226994053D-01  0.60364433741664D-02  -.25293340875701D-01
  0.13848429958824D+00  -.36291934810979D-01  0.31752470325178D-01
  0.80219087192551D-01  -.67740913086580D-03  -.51540738982343D-01
  -.64077387744840D-03  -.19400694089054D-01  -.51749332582148D-02
  0.96637812171325D-03  0.21645627407696D-01  -.99424091796304D-01
  -.62283562576173D-01  -.84475426992429D-01  0.30506361506041D-01
  -.12533215799649D-01  0.28731174738158D-01  0.17735760320054D-02
  0.22929902249645D-01  0.79242468033879D-02  0.30822283541323D-01
  0.14632011375793D-01  0.54505588879648D-01  0.32822890446427D-01
  0.67746682533839D-01  -.25687255481050D-01  -.15171789716919D-01
  0.24283979587498D-01  -.33966020785274D-01  0.64658220430254D-02
  0.48153556358423D-01  0.63732148581637D-02  -.48920252374684D-01
  0.49295395371464D-01  -.35556421536018D-01  0.73807101596136D-02
  -.54580222203525D-01  0.39355896716818D-01  -.60696957235152D-01
  0.13988266092298D-01  -.20049329923976D-01  -.27878428407128D-01
  -.34529450025712D-03  -.79051572589458D-03  -.64216815911624D-03
  -.39441083799933D-01  -.20543767818789D-01  -.12680824096169D+00
  0.43728275501221D-01  -.11822464291047D-01  -.48880455132336D-02
  -.54526755012060D-01  -.15691089647999D+00  0.59295322488849D-01
  0.10260313977259D-01  0.66580153360810D-01  0.39393539458808D-01
  0.19141268001041D-01  -.98714207098805D-02  -.18856976035237D-01
  0.39926694346092D-02  0.63370049558290D-01  0.16595685304258D-01
  -.45673196121768D-01  -.13556617110334D-01  -.12560935737305D+00
  -.49390015050963D-01  0.80009469545713D-01  0.31464618578328D-01
  0.89655197659423D-01  0.71663450643461D-02  -.53841673974175D-01
  0.42196641424718D-01  -.77734320038551D-01  0.12766542738439D-01
  0.59595330982972D-01  -.23128427699996D-01  0.90501564949757D-02
  -.13332236231143D-01  -.14755436525492D+00  0.99829171312367D-01
  0.29461151393137D-02  0.50295027182362D-01  0.23312410645983D-01
  -.75168669630966D-01  -.74404242677204D-01  -.52672259323658D-01
  -.51594424292870D-01  0.45818008732261D-01  -.42008395819790D-01
  -.16452798277183D-01  -.50903452373470D-01  0.27386035543357D-01
  -.22739763145164D-01  0.73529008758563D-01  0.65095671989747D-01
  0.65672234980578D-01  0.11920541091874D-01  -.70335607243428D-01
  0.23980668103300D-01  -.64855803115649D-01  -.82038206312870D-02
  0.29722543240527D-01  0.19189081163797D-01  -.19186993910289D-01
  0.10792136830315D-01  0.63420250605058D-01  0.20652561882473D-01
  0.67719762893305D-02  -.98971552499966D-02  -.13537653977341D+00
  -.79980177638867D-01  -.37261133239933D-01  -.18485563090516D-01
  -.44944071779002D-01  0.66219473025378D-01  -.30159793080266D-01
  -.23233045413971D-01  -.49498018908285D-01  0.35141683809071D-01
  0.53576250088107D-01  -.59103029951302D-01  0.22341890550932D-01
  -.35216136171664D-02  -.16556844858015D+00  0.41768310904438D-01
  0.14390416945733D-01  0.68172035620457D-01  0.39397502183485D-01
  -.61020163078517D-01  0.51144669344637D-02  -.82540305233192D-01
  0.21693625388544D-01  0.16774239114137D-01  0.16220869589211D-01
  -.60341191713703D-01  0.33446109843268D-01  -.48038951563630D-01
  -.60254189900563D-01  0.27147248637610D-01  0.69782560182725D-01
  0.32350033942350D-01  0.41150770504653D-02  -.10604810539802D-01
  0.81172686141297D-01  0.68411318559303D-02  -.21651663607352D-01
  -.53835030559539D-01  -.29803995691072D-02  -.11148758054963D+00
  -.28844588999701D-01  -.19823643924217D-01  -.26340119557616D-02
  -.81347796381941D-01  0.91856264514928D-02  -.61699420046457D-01
  -.10051623121374D+00  0.18904616612738D-01  0.10319587454619D+00
  0.37051127985426D-01  -.26722861492913D-01  -.46564443445842D-01
  0.95993450624243D-01  -.16843150084941D-01  -.30953035844940D-01
  0.41622652222704D-01  -.42578936708191D-01  0.17854391380282D-01
  -.11726857516229D+00  -.11982003198499D+00  0.67141564551016D-01
  0.28001685755981D-01  0.81561409145157D-01  -.14074001182864D-01
  -.51016175081411D-01  -.54235524896038D-02  -.93676331951928D-01
  0.42357162117645D-01  0.29285757184393D-01  0.14833375260895D-01
  -.11077289145870D+00  -.35087381085558D-01  -.30345201161075D-01
  -.62402081044395D-01  0.42676895838719D-01  0.80325283683159D-01
  0.14823622498939D-01  0.22169017958656D-01  -.24706491622949D-01
  0.55920328871025D-01  -.53539081961377D-01  -.37032834040707D-02
  -.59705089112224D-01  -.16748551478288D-01  0.21448630182308D-01
  -.42824763669421D-01  0.95277210613180D-01  0.10952160117216D-01
  0.41781689509174D-01  0.60972017958857D-02  0.97167927783235D-01
  0.54396992989074D-01  -.54607083755034D-01  0.41009496410606D-01
  -.30452100856614D-02  -.17412551050737D-01  0.87184564060686D-01
  0.45374709198118D-02  0.91257307313886D-01  0.43417638811787D-01
  -.16115618814729D-01  0.75220410101891D-01  -.44805081373450D-01
  0.90545408013770D-01  0.38098676568974D-02  0.71988769690524D-01
  -.57009993651953D-01  0.75205517051241D-01  0.65786667021257D-01
  -.12836854053797D+00  0.22995836662734D-01  -.85801572697956D-04
  -.45508237226411D-01  0.73005626745018D-01  0.23673851866263D-01
  0.45231705564654D-01  0.19536538456700D-01  0.84742737327398D-01
$end
