$grad          cartesian gradients
  cycle =      2    SCF energy =    -2562.3117654160   |dE/dxyz| =  0.000217
    9.48815745755981      8.27973315880969      3.51653049613488      c
   11.59339834293159      7.11624050017958      4.43284093054035      c
   -3.56359469218653      6.17302074370467     -2.97908577224988      c
   -6.27164857371069      5.98028266296616     -2.68040000736161      c
    1.91973403062177      3.49910759921106     -4.34449869085805      c
   10.46668051057714      5.36972292353849      0.91691098936787      c
   19.59410436875489      2.97232017477849     -3.69986265406068      c
    2.11333439339094      6.25467675441281     -0.35106935100811      c
   -7.31341263429691      3.99193664518410     -1.19971492898694      c
   -2.03888825476608      4.32481719327008     -1.75859387144051      c
    0.83241547618487      3.97453453524765     -1.66951426062439      c
   19.85696300501899      3.86783644085380      1.03324668699731      c
   -3.15786406816055      2.43768868617522     -0.32394233248911      c
   20.48313452785264      2.02222087034688     -1.11132204464451      c
   -5.80513849936576      2.22472940206754     -0.02062598270507      c
    1.08202883306885      1.57864489019564     -0.02011707945970      c
    5.76445458562869      0.85244392748932     -0.00505445046554      c
   10.40129201824023      0.25202672611774     -0.21088153023365      c
   15.03270159050400     -0.31916283717471     -0.39051965153103      c
   24.06931371489980     -0.46402943086113     -0.82191937037086      c
   26.64117692434831     -0.94251715630177     -0.87274941264365      c
   19.72732042293777     -0.69916162747949     -0.53731074230277      c
    3.23193698587579      0.25500436757231      0.65910132336355      c
    7.90974746032147     -0.54856065986789      0.54579051034180      c
   12.53861421711194     -1.27201717332341      0.03927380010287      c
   17.24605351849301     -1.67586751985538     -0.19489444721932      c
   21.93443908930470     -2.11430004344062     -0.37321240584603      c
   -1.89789673347081     -1.31664626829086      2.30214713502337      c
    7.80174923435388     -3.02286562429692      1.98444278847165      c
   12.26184644068015     -4.01147811406624      0.85093517015142      c
    9.54457579792835     -5.02203410359472      0.79085832000561      c
    9.24159015021612     -7.74861731668867      1.91427574568340      c
    6.57692551434903     -8.75773616949937      1.28920026400202      c
    9.61069259071370     -7.80198866265387      4.80401451087052      c
   11.17981269432338     -9.54810788502789      0.68362411031021      c
    8.79239204587150      7.12771491720831      1.27536614596147      n
   12.24799758277583      5.26280921139382      2.77011154259381      o
   10.75247343000753      3.33339789328785     -1.70132194178148      s
   23.23542103980331      1.88397719980943     -1.24164662888410      o
   27.67703256723327     -3.39825764025509     -0.45503527937098      c
   -1.30404500757402      0.85790032270157      0.72658174252042      n
   28.36073340042414      1.08345992266303     -1.36375298318031      c
   21.97749404241034     -4.74820031594402      0.15709255479492      c
   28.60042890768824     -5.36516754974247     -0.12735280093600      n
   29.77766025318962      2.71579344384018     -1.75846442520098      n
   21.81750661616511     -6.89337961809670      0.60335421371448      n
   -2.27446774955814     -3.77987271331427      0.81746566384034      c
   -2.90127081886265     -6.03348941378590      2.52368879929865      c
   -3.29963094408475     -8.49412334353894      1.06026750290811      c
   -2.61225308180059      8.20758757276896     -4.47671621375668      c
   -4.21589205663836      9.92608769194112     -5.60378742489643      c
   -6.86993491990414      9.72340889589664     -5.30924885296128      c
   -7.86297881743571      7.78872373012206     -3.87619016416032      c
    8.42508711286366      9.84723735761021      4.31982245815008      h
   12.76877851272127      7.33816124351546      6.10172269983083      h
    1.56284621287593      5.12727257352990     -5.58285303888783      h
    3.97091759944511      3.18412729286799     -4.28818220672763      h
    1.03062393610894      1.83329134363995     -5.21695500697978      h
   17.53906802630866      3.27068393033512     -3.72958710113798      h
   20.53215496838850      4.78019413512438     -4.11917322796344      h
   20.08964706144289      1.61124512248939     -5.19051490390708      h
    4.17249033878886      6.03476044357733     -0.20033213414293      h
    1.74579135489140      8.00508225358271     -1.40886754878917      h
    1.34790781859793      6.50993377836799      1.56701986199478      h
   -9.36731362928747      3.87857707722834     -1.00603765436450      h
   17.80589943380456      4.13706647771968      1.22340699232921      h
   20.60080323829039      3.15970201578936      2.84074629259791      h
   20.73900306718175      5.70811580273000      0.63295186016882      h
   -6.64519583902600      0.71107313816085      1.09847096213399      h
    6.08028678050875      2.58137098849934     -1.07589893946579      h
   15.14051254461264      1.67811440421756     -0.87378158105292      h
    2.93643465361707     -1.43683776310498      1.79760310988594      h
   17.16899729014482     -3.68826162538160      0.26228132493302      h
   -0.38085634802014     -1.53900977445774      3.70841895600776      h
   -3.61428999698664     -0.86566709707378      3.38885700867553      h
    8.38594445975384     -2.68528759501035      3.96284242176936      h
    5.85111742570403     -3.71820962705944      2.05795785903490      h
   13.46949803041791     -5.17013175100903     -0.38313705847995      h
   13.06827289141826     -4.21225187720449      2.76904025685376      h
    8.99480061108016     -5.17094792372225     -1.22062833903556      h
    6.36161257635314    -10.71601929025522      1.96503567911697      h
    6.23393512046892     -8.75943994657333     -0.76618341010592      h
    5.07266137825434     -7.63387881557977      2.18748365604162      h
    9.48365537404050     -9.75820480097459      5.50873703541695      h
   11.47542368583427     -7.07001987786997      5.37254976484832      h
    8.15728533100277     -6.69392186023164      5.80123205752093      h
   11.06610995210339     -9.48163865832030     -1.39675686097428      h
   13.13673993658481     -9.10429247657665      1.23204266277353      h
   10.81459194025839    -11.51360862574413      1.26802096948766      h
   -3.80157791860911     -3.50408154734369     -0.57765507225524      h
   -0.55024497276277     -4.18362384922470     -0.28568614990435      h
   -1.36763296885939     -6.29161485302565      3.91888512443922      h
   -4.61346492195694     -5.59933428528375      3.63984060597248      h
   -3.75119063916731    -10.07364449973857      2.33820632201564      h
   -4.86590379734246     -8.31816451900621     -0.30366349247314      h
   -1.59352402678310     -9.02062674213497     -0.01445527101771      h
   -0.58085003221415      8.42031234186457     -4.73796763795178      h
   -3.42898553190457     11.46360779529482     -6.73745831555383      h
   -8.11600728737212     11.09864687857197     -6.21538859239139      h
   -9.90827966883310      7.61459170383400     -3.63259690779156      h
  0.82396951795956D-06  0.12239757434226D-04  -.11899609758630D-04
  -.94346813082380D-05  0.34277377467579D-05  0.23945402847405D-04
  -.19138294272469D-05  0.10264489164518D-04  0.38372161177689D-05
  -.51415834003810D-05  -.15310560727542D-04  -.10710425664307D-05
  0.48551740393158D-05  -.63254439810129D-05  -.29555800342004D-05
  -.37606657388279D-04  0.32366378484480D-04  -.32893463284373D-04
  -.11375693283193D-04  0.26391658721577D-05  -.14051176000928D-04
  -.17793907875204D-04  0.16206221305826D-04  -.68668077800979D-06
  -.77345843346527D-05  -.20202275983565D-04  -.22046805086595D-04
  0.30300463677077D-05  -.91213884958173D-05  -.35423094121968D-06
  -.48481065897750D-05  0.70741660825133D-05  -.63353874948359D-05
  -.47196599694285D-05  -.23262159737297D-04  0.47898735051576D-05
  -.12494103949787D-04  -.16458361273104D-04  0.12356178691878D-06
  -.19991347575478D-05  -.14692246480605D-04  -.78730236387901D-05
  -.20288613493120D-04  -.94777312998304D-05  -.95545385913680D-05
  0.51209148701005D-05  -.12861629863087D-04  0.26275052737076D-05
  -.16340137483095D-04  0.14816129075116D-04  0.80765559853545D-05
  -.13704715442120D-04  0.30637126450827D-04  -.10521434455435D-04
  0.27436665433616D-05  -.93024008171123D-05  0.57668782603003D-05
  0.32552459297381D-04  -.10107170092909D-04  0.38285125387156D-05
  -.11621691062120D-04  -.14727618081731D-04  -.50986398671300D-06
  0.22695135046351D-04  -.15529328376407D-04  -.97113185297097D-05
  0.13560638177092D-04  0.32562821919630D-06  0.16402552367821D-05
  -.68783998150186D-06  -.82629697896457D-05  0.13118355500213D-04
  -.97342834937323D-05  -.14778540672821D-04  0.37471002417058D-05
  0.15180024618527D-05  -.46186987741430D-05  0.65293293242244D-05
  -.10777695654652D-04  -.26515666104582D-04  0.29203035599347D-04
  -.49950536611151D-05  0.97088953244681D-06  0.28501774342403D-05
  0.18352370639353D-04  -.75774747064647D-05  0.15480392969038D-05
  -.11100472204717D-04  -.97008360576052D-05  0.12718149474873D-04
  -.21446265012509D-05  0.40592643129919D-05  0.58205729061862D-05
  0.10252816014394D-04  0.23303243804405D-05  -.46813855198446D-05
  0.10998985183922D-04  0.10356614925266D-04  0.91225053311573D-05
  0.45499970447160D-05  -.12004150432067D-04  -.14488390179156D-04
  0.88910840195840D-05  -.12604835111371D-04  0.27190257786373D-05
  -.10261939180294D-04  -.19685942852767D-04  0.24444602734375D-04
  0.10697248482833D-04  0.20650070557502D-05  -.27492174534242D-04
  0.96101785187869D-05  0.53374552727372D-05  0.14620176507654D-04
  -.90834488035179D-05  -.11073429284014D-04  -.18661550044104D-04
  -.15158507620767D-04  0.34539593630504D-04  -.13889442057974D-04
  -.15008741520488D-04  0.83295419255666D-05  -.35227704631499D-05
  -.19440774869977D-04  -.19427463713570D-04  -.16336943037246D-04
  -.11199285389105D-04  -.34578256395835D-04  0.29282205659180D-04
  0.10780324646853D-05  -.24037549699211D-05  0.30696036421910D-05
  -.20668156170822D-04  -.53157133896258D-05  -.33958047400925D-05
  -.46069110972125D-05  0.35068888638225D-04  -.17657859162146D-04
  0.47817783199378D-05  -.14053801684241D-04  0.72547426439284D-05
  0.12154141297951D-04  -.23002165624799D-05  0.69263870853911D-06
  -.67360729090672D-05  0.22226356712776D-04  0.93942662998781D-06
  0.87502777759852D-05  0.28636528040348D-05  0.42992596847099D-05
  -.31067836613701D-05  0.82086549633766D-06  0.10306252357666D-04
  0.23881628914281D-05  0.11132264847243D-04  0.12765170428544D-04
  -.12394927068399D-05  0.83462750316964D-05  -.30127429961280D-06
  -.20109102572242D-05  0.93107055577298D-05  0.19841727488180D-04
  0.39742121854374D-05  -.33715576700825D-05  0.21392773738567D-04
  0.94564440632864D-07  -.77765520808916D-05  -.10343488255271D-04
  -.51168181421656D-05  -.18283604809413D-04  -.41640149617058D-05
  -.25781123446338D-04  -.68406164151399D-06  0.10162474214828D-04
  -.23199486944440D-04  -.22003293742292D-05  -.58282528471770D-05
  0.65712117167412D-05  0.75786766923326D-05  0.80261423982999D-05
  -.12755485774837D-06  0.43506757234674D-05  -.10691441815718D-04
  -.21912012810993D-04  0.16496153685473D-04  0.16119524414461D-04
  -.16807053465996D-04  0.17202975319566D-04  0.34547051141626D-05
  -.16782549965367D-04  0.31057154989554D-05  -.18676208309748D-05
  -.54039061716002D-05  -.11343720381278D-05  -.54308983568686D-05
  -.63607942234919D-05  -.37729378750088D-05  0.33574118757941D-05
  0.36890320339384D-05  -.21847681912962D-04  0.16298919953522D-05
  -.13701036522474D-04  -.14675814390855D-04  0.55469929810246D-06
  -.17299245799358D-05  0.34827308554288D-05  0.42517142891469D-05
  0.18530645948494D-05  -.84448084375271D-05  0.22750788470877D-05
  0.37316271205467D-05  -.18652729800933D-04  -.25861730204763D-04
  0.18673502207352D-04  0.54596279368191D-05  -.42417706248352D-05
  -.80284296242322D-05  -.11875801850760D-04  0.72212761144476D-05
  0.43843216135117D-06  -.94669895465080D-05  0.51039481487398D-05
  -.45975290757746D-05  -.12530071800602D-04  0.13735749654770D-04
  0.20658764851866D-04  0.18407223160704D-04  0.75078141198479D-05
  0.65699771712182D-05  0.22273968727584D-07  0.47151363658111D-05
  0.15675591579110D-04  -.64522144127240D-05  0.46121512905627D-05
  0.21953777670081D-05  -.41186366148632D-05  0.10292367116621D-04
  -.24446766404054D-05  0.15600074770869D-05  -.17197600100599D-05
  0.22151973660336D-05  0.28377158683557D-05  0.10022301360333D-04
  -.31725394980536D-05  0.12337670091567D-05  0.23373837765029D-04
  0.17210323083240D-04  0.25353988749787D-04  0.35259638443084D-05
  0.16717661903894D-05  -.70685220193456D-05  -.13047524214338D-04
  -.37602115459920D-05  -.37562825087754D-05  0.42124998182454D-05
  -.46877730251151D-05  -.31439707087707D-04  -.78862285937924D-05
  -.78541675633902D-05  -.24551785502719D-04  -.30120409866882D-05
  0.14226359059955D-04  0.14615946180905D-05  -.62271640451716D-05
  0.35290826362124D-05  -.12098175283917D-04  0.13426088581321D-04
  -.97491170017214D-05  -.19649100805690D-04  0.10806345236980D-04
  0.40198491117375D-05  0.14849435697766D-04  -.42933106270304D-05
  0.52267855049938D-06  -.18264815076181D-04  0.22612163045509D-05
  0.85097034649829D-05  -.16235782143644D-05  -.16625058026453D-04
  0.38730982194339D-05  -.69049690987728D-05  -.25757388013317D-04
  0.14942434745038D-04  0.10851792513693D-04  -.10615040336909D-04
  -.20330377500414D-04  0.81461432582118D-05  0.74978356332344D-06
  0.60758255984994D-05  -.30542960402542D-05  -.95805966079848D-05
  -.12090922305921D-04  -.49686254572131D-05  0.10852263477505D-04
  -.60331461694340D-05  0.17653926592630D-05  0.40137971941404D-05
  0.11783248163439D-06  0.95133596492415D-06  -.13297292785119D-04
  cycle =      3    SCF energy =    -2562.3117654300   |dE/dxyz| =  0.000311
    9.48815230932917      8.27970348834964      3.51655634401879      c
   11.59341379509072      7.11622825939805      4.43279465071121      c
   -3.56359516501119      6.17299636340026     -2.97909022465496      c
   -6.27164256013928      5.98030943863591     -2.68039435940955      c
    1.91971980608108      3.49911651257406     -4.34449063875886      c
   10.46675186119869      5.36965340947260      0.91697823000098      c
   19.59412267035276      2.97231069191063     -3.69983455820497      c
    2.11336598874855      6.25463994057177     -0.35106540391118      c
   -7.31340130266734      3.99197298084484     -1.19966753664610      c
   -2.03889851075962      4.32483135193382     -1.75859042411405      c
    0.83242097973736      3.97451622951898     -1.66949924359101      c
   19.85696856457528      3.86787797311703      1.03323721809781      c
   -3.15784314709909      2.43771730452696     -0.32394002215698      c
   20.48313435871345      2.02224560440800     -1.11130656573829      c
   -5.80510195826971      2.22474406302884     -0.02060404275935      c
    1.08201454199007      1.57866617840052     -0.02012041323757      c
    5.76448320359907      0.85240976218526     -0.00506934820331      c
   10.40131532912632      0.25196085826028     -0.21085987174848      c
   15.03269197203500     -0.31914889075336     -0.39053120396654      c
   24.06924442560037     -0.46401398792042     -0.82192812345382      c
   26.64119596766496     -0.94249251652055     -0.87274986785882      c
   19.72727087666926     -0.69913529869602     -0.53729194841375      c
    3.23190586753326      0.25499912516923      0.65909949472599      c
    7.90974480933673     -0.54854880175783      0.54576504739863      c
   12.53862958521176     -1.27199229477790      0.03926642050889      c
   17.24604634648599     -1.67586301830884     -0.19490800677660      c
   21.93445647896438     -2.11425181411538     -0.37327193181460      c
   -1.89789058094739     -1.31665296810708      2.30214322483020      c
    7.80170862019270     -3.02285537271543      1.98444006986526      c
   12.26186457990292     -4.01146351941425      0.85090942801985      c
    9.54457599784515     -5.02204696379464      0.79084652279480      c
    9.24156563059890     -7.74862689847681      1.91428453713474      c
    6.57689940894375     -8.75776164622518      1.28918159154426      c
    9.61067981251597     -7.80197006055755      4.80404286448346      c
   11.17979071800536     -9.54808743266023      0.68361757762086      c
    8.79240878469909      7.12774948269792      1.27531919615488      n
   12.24797253944113      5.26279995749303      2.77016775532534      o
   10.75245000020533      3.33338286390936     -1.70135009825228      s
   23.23543502128008      1.88399466163749     -1.24160991661686      o
   27.67705868279104     -3.39833162505280     -0.45500950200210      c
   -1.30401896699409      0.85787915383485      0.72659086834464      n
   28.36076806599134      1.08349400820339     -1.36372164989586      c
   21.97751228334900     -4.74813604995065      0.15703243020809      c
   28.60042254824854     -5.36516772082681     -0.12736137434016      n
   29.77769736079888      2.71579934220762     -1.75845886962332      n
   21.81751168062526     -6.89345471687625      0.60338763341117      n
   -2.27448137401434     -3.77984911072001      0.81745258136063      c
   -2.90129903510692     -6.03348958753564      2.52368854167996      c
   -3.29962160068499     -8.49417232047608      1.06026639152594      c
   -2.61227501592863      8.20757822222130     -4.47672136493357      c
   -4.21589037298116      9.92608264592713     -5.60380411912840      c
   -6.86994419593814      9.72338323254205     -5.30927018912865      c
   -7.86298071055979      7.78870342218428     -3.87618557138643      c
    8.42508776000653      9.84721343418997      4.31978520632072      h
   12.76876734616887      7.33816230156476      6.10168142491344      h
    1.56284139840156      5.12728460102947     -5.58282990030956      h
    3.97092331902957      3.18416007141062     -4.28817202892580      h
    1.03067084848129      1.83328913654813     -5.21697336262202      h
   17.53910997811411      3.27068417328396     -3.72957516225817      h
   20.53213736416849      4.78017482339476     -4.11918909734141      h
   20.08964266523149      1.61123245282908     -5.19049381020870      h
    4.17253018344309      6.03472298296363     -0.20036207584339      h
    1.74582088892876      8.00504362853395     -1.40887155235868      h
    1.34793762004635      6.50992286418072      1.56702630238300      h
   -9.36730693874844      3.87857528696651     -1.00602327313743      h
   17.80590830328838      4.13706904194782      1.22340067194584      h
   20.60079217672821      3.15974040523158      2.84074293992747      h
   20.73902658036095      5.70814021046239      0.63295106290535      h
   -6.64519631572178      0.71106171039775      1.09846513736756      h
    6.08027892250461      2.58138351558855     -1.07590198535749      h
   15.14050093462254      1.67814712895830     -0.87372955878413      h
    2.93639340776034     -1.43685345562093      1.79761280016675      h
   17.16900922325261     -3.68824268360679      0.26226605791148      h
   -0.38086090306809     -1.53899586184725      3.70841032467864      h
   -3.61428450363154     -0.86564693954178      3.38883160195126      h
    8.38589947032054     -2.68532965167555      3.96282777129667      h
    5.85110037071766     -3.71821454733912      2.05794891872102      h
   13.46946245001995     -5.17012347429766     -0.38314692086724      h
   13.06826465844844     -4.21224878037109      2.76901923909968      h
    8.99480117357180     -5.17095544179186     -1.22062501609912      h
    6.36160407736793    -10.71602983647503      1.96501490855567      h
    6.23393711847275     -8.75944683095012     -0.76623054552614      h
    5.07262297781227     -7.63393440481625      2.18747653774622      h
    9.48364839455857     -9.75819618400134      5.50876219883735      h
   11.47542760925959     -7.07001790349419      5.37254062026080      h
    8.15729116719533     -6.69386452217143      5.80124755935203      h
   11.06612122512468     -9.48159396594430     -1.39675190729103      h
   13.13670736270035     -9.10430028760921      1.23205386767752      h
   10.81458071598095    -11.51358927582028      1.26799274044393      h
   -3.80156263828530     -3.50404649245711     -0.57767503434268      h
   -0.55025721019485     -4.18365790597338     -0.28567640399902      h
   -1.36763776479841     -6.29158335941807      3.91888150822623      h
   -4.61348571035565     -5.59933596183563      3.63987525509087      h
   -3.75120239735025    -10.07363541599695      2.33825839588307      h
   -4.86593796636887     -8.31819048947630     -0.30364128325610      h
   -1.59348763079798     -9.02064741584186     -0.01445628900854      h
   -0.58086664355442      8.42031482895495     -4.73794523107272      h
   -3.42896598076831     11.46361449955526     -6.73747593946205      h
   -8.11599979837175     11.09864012411843     -6.21539205329019      h
   -9.90828425176234      7.61458618723552     -3.63256611332638      h
  0.11630586431196D-05  0.10497209324841D-04  0.12315700639231D-04
  -.85254262494646D-05  -.62693415740780D-05  -.73552498183730D-05
  0.28163786427419D-05  -.61119504706828D-05  0.93595719109064D-05
  -.45043521924342D-05  0.11261950725837D-05  -.10991144507568D-04
  -.64540090397351D-05  -.34011557037677D-05  -.44283833857533D-05
  0.43817051248145D-05  0.63067620162671D-06  -.79889570671235D-05
  -.11900788454946D-04  0.39092483255752D-05  -.60707563744033D-05
  -.16673799686045D-04  0.11920908545044D-04  -.95949714951293D-06
  -.13671605364397D-04  -.15466037175503D-04  -.18596911392837D-04
  -.13623356880639D-04  -.42930762124907D-05  -.25667929900526D-05
  0.22070583092339D-05  -.18562861163630D-05  0.98238196077831D-06
  -.49915706715288D-05  -.18308641944497D-04  0.95503566783688D-06
  -.12468097634159D-04  0.13502223495223D-05  -.11455791206716D-04
  -.11694860857282D-06  -.14702622600400D-04  -.11178160731254D-04
  -.49066733198174D-05  -.12428425100203D-04  -.91797194039754D-05
  -.52888387194122D-05  -.19038567367508D-06  -.99048260168135D-06
  0.16977132321026D-04  -.63815646707007D-05  0.13381984825021D-04
  -.91976465241955D-07  -.16002647035979D-05  0.38755673654291D-05
  -.65078563665164D-05  -.15283684876524D-04  0.41441718087835D-05
  -.35103199525290D-04  -.12699796672531D-04  0.71007939757036D-05
  0.10158916174986D-04  0.96167302313668D-05  -.80289398468152D-05
  -.61232091626918D-05  -.13381409524784D-04  -.29361978730513D-05
  -.82034641081523D-05  0.13923317066706D-05  0.34149694857219D-05
  -.15302547962744D-04  0.18627855097948D-04  -.13233368438053D-05
  -.16069764236943D-04  0.99580419243262D-05  -.12675924562499D-07
  0.11887653491106D-04  -.89369992109686D-05  0.47184568164307D-05
  0.27631097357854D-04  -.16251957421352D-04  0.20221375699166D-04
  -.37040077378291D-05  -.24352198737647D-05  0.43619907985012D-05
  0.46719113855237D-05  -.93148720616056D-06  0.12503600782600D-04
  0.25288819707175D-05  -.10928174219307D-04  0.32154092803911D-05
  0.20893613152612D-05  -.60998345677823D-05  -.22784604848769D-05
  0.84859814876349D-05  -.29677077605248D-05  -.38427417334224D-05
  0.72982084742861D-05  0.39561984440953D-05  0.15005579925722D-04
  0.48472662371847D-05  -.80320117342549D-05  -.77402424312246D-05
  0.83831240538387D-05  -.90632914179225D-05  -.14960993185150D-05
  -.37102107782890D-04  0.15389260072728D-04  0.14547966778378D-04
  -.63582887072308D-05  0.19484244030943D-04  -.17422235167567D-04
  0.65013565763110D-05  0.78425939150593D-05  -.15903822737622D-06
  0.60196656756382D-05  -.19135003452301D-04  -.16038890436904D-04
  0.35521323472579D-04  -.85498744462517D-04  0.88252254915167D-05
  0.30212537348977D-05  -.11089268860341D-04  0.68269914449076D-05
  -.25103089134680D-05  0.13655062806769D-05  -.17888609250765D-04
  -.72349976550487D-06  0.15335622624074D-03  -.12831160123137D-04
  -.40600936550020D-04  0.87630450607571D-04  -.13300370181460D-04
  -.34435244275930D-04  -.22865652829577D-04  -.13549652932418D-05
  -.17615763404880D-04  -.14881874321120D-03  0.23890763964292D-04
  0.25227298154318D-05  -.43366545086827D-06  0.12313705469896D-05
  0.84718070884611D-05  -.21365549578883D-05  0.25831629485196D-05
  -.28921977432552D-05  0.68989127550642D-05  0.31006231680555D-06
  -.49286460889933D-08  0.58159737283977D-05  0.30807143366920D-05
  0.27728113305086D-05  -.46462176358464D-06  0.11887686967835D-04
  -.20016340303312D-05  0.10667597043897D-04  0.10546636770886D-04
  0.25833968547899D-05  -.30957452871960D-05  0.60454858665234D-05
  0.18918254157874D-05  0.12205192524761D-05  0.12956303279425D-04
  0.31504390656588D-05  -.33659318639239D-05  0.20192044839336D-04
  0.17045734659255D-05  -.97948697021667D-05  -.88498859639225D-05
  -.99452144298733D-06  -.19042955246278D-04  -.39296552213551D-05
  -.22710207864626D-04  0.53434254012442D-06  0.10191806336040D-04
  -.16276948541030D-04  -.22227100695033D-05  -.66840390664775D-05
  0.26299719458137D-05  0.33204909765417D-05  0.77995564021925D-05
  -.70299070625238D-06  0.40919704191921D-05  -.12460843812485D-04
  -.20715884381202D-04  0.16946468973086D-04  0.14841317803762D-04
  -.16979508991226D-04  0.17130964939888D-04  0.32356065563253D-05
  -.18371802823649D-04  0.38844556315032D-05  -.10826316593095D-05
  -.61444522576024D-05  -.19262283130494D-05  -.68300748720933D-05
  -.54762576924953D-05  -.64904872941784D-05  0.37675371125280D-05
  0.34337441198380D-05  -.22461837865126D-04  0.25691816361976D-05
  -.13006956399047D-04  -.17289090008230D-04  0.13773557856485D-05
  -.60222584044353D-05  -.84168390322511D-06  0.64571538816476D-05
  0.15143216672631D-05  -.15934375129176D-05  -.54842848417960D-06
  0.28771466935449D-05  -.13722138552847D-04  -.25103106250546D-04
  0.18372081201153D-04  0.19699867725497D-05  -.16931916353909D-05
  -.67901355250598D-05  -.95457746086522D-05  0.74679678771365D-05
  -.27295393153307D-05  -.66655945238043D-05  0.10831938577711D-05
  -.29807545447323D-05  -.12060827204705D-04  0.11814461612801D-04
  0.18888223451109D-04  0.14623529251236D-04  0.18530021135225D-05
  0.13034841352048D-04  0.14980034277379D-05  0.57316915875631D-05
  0.79782767593640D-05  -.22733125697431D-05  0.10646027710200D-04
  0.71087100838234D-06  -.41949428690787D-05  0.10919934015684D-04
  -.11980154333664D-05  0.24089415726788D-05  0.25457002770559D-05
  0.26554643668689D-05  0.86933274891800D-05  0.94874897401339D-05
  -.34845301040478D-05  0.17328129792592D-05  0.15054998628395D-04
  0.18184068548032D-04  0.23545941250647D-04  0.41060858833662D-05
  0.26697527946119D-05  -.10299604151464D-04  -.13607299841547D-04
  -.34076653009434D-05  -.41356996946895D-05  0.37849791827586D-05
  -.49231321731794D-05  -.29603930504960D-04  -.82601544731292D-05
  -.63024738866128D-05  -.24647834088607D-04  0.59376634128114D-06
  0.10919596442366D-04  -.62239650084940D-06  -.74352612057727D-05
  0.44539521203144D-05  -.93654075890226D-05  0.13440764398821D-04
  -.53728108068971D-05  -.20195681718515D-04  0.13743491274605D-04
  0.34428169535735D-05  0.12975041840693D-04  -.35686421072325D-05
  0.30420009235920D-05  -.17788900407017D-04  0.42222203585650D-05
  0.63950154856802D-05  -.37258915337071D-07  -.12743732309944D-04
  0.24169347788130D-05  -.32290270835512D-05  -.24758625769670D-04
  0.84188085469105D-05  0.13625541708631D-04  -.12787325609686D-04
  -.14485633600220D-04  0.83822053662514D-05  -.20297344914749D-05
  0.64772344327776D-05  -.29161754364078D-05  -.89593615280679D-05
  -.93911100550734D-05  -.93898956415476D-06  0.77782987282442D-05
  -.35771716263266D-05  0.14316698685400D-05  0.53791488227075D-05
  -.19526964955415D-05  0.12968541672323D-05  -.12834082655671D-04
$end
