100
Energy =
C     5.0209167    4.3814461    1.8608678 
C     6.1349622    3.7657523    2.3457584 
C    -1.8857731    3.2666219   -1.5764643 
C    -3.3188135    3.1646293   -1.4184066 
C     1.0158795    1.8516480   -2.2990097 
C     5.5387288    2.8415350    0.4852084 
C    10.3687535    1.5728841   -1.9578830 
C     1.1183284    3.3098324   -0.1857779 
C    -3.8700913    2.1124419   -0.6348618 
C    -1.0789332    2.2885947   -0.9306078 
C     0.4404953    2.1032331   -0.8834689 
C    10.5078523    2.0467709    0.5467706 
C    -1.6710697    1.2899693   -0.1714229 
C    10.8392080    1.0701132   -0.5880863 
C    -3.0719470    1.1772761   -0.0109148 
C     0.5725850    0.8353829   -0.0106455 
C     3.0504180    0.4510939   -0.0026747 
C     5.5041267    0.1333668   -0.1115937 
C     7.9549631   -0.1688937   -0.2066541 
C    12.7369323   -0.2455538   -0.4349410 
C    14.0979037   -0.4987586   -0.4618391 
C    10.4392484   -0.3699804   -0.2843326 
C     1.7102674    0.1349425    0.3487814 
C     4.1856581   -0.2902858    0.2888199 
C     6.6351489   -0.6731225    0.0207828 
C     9.1262185   -0.8868309   -0.1031337 
C    11.6072053   -1.1188394   -0.1974955 
C    -1.0043237   -0.6967392    1.2182438 
C     4.1285079   -1.5996316    1.0501219 
C     6.4886897   -2.1227828    0.4502955 
C     5.0507720   -2.6575460    0.4185042 
C     4.8904389   -4.1003917    1.0129911 
C     3.4803591   -4.6343944    0.6822154 
C     5.0857595   -4.1286346    2.5421750 
C     5.9161021   -5.0526411    0.3617583 
N     4.6527335    3.7718243    0.6748947 
O     6.4813612    2.7849587    1.4658799 
S     5.6899639    1.7639582   -0.9003008 
O    12.2956553    0.9969578   -0.6570511 
C    14.6460549   -1.7982805   -0.2407943 
N    -0.6900709    0.4539813    0.3844905 
C    15.0078538    0.5733423   -0.7216670 
C    11.6299890   -2.5126394    0.0831298 
N    15.1346952   -2.8391244   -0.0673922 
N    15.7576592    1.4371360   -0.9305393 
N    11.5453273   -3.6478194    0.3192813 
C    -1.2035965   -2.0002225    0.4325842 
C    -1.5352864   -3.1927851    1.3354786 
C    -1.7460895   -4.4948965    0.5610694 
C    -1.3823448    4.3432683   -2.3689762 
C    -2.2309540    5.2526594   -2.9653966 
C    -3.6354130    5.1454064   -2.8095335 
C    -4.1609092    4.1216151   -2.0511915 
H     4.4583641    5.2109336    2.2859516 
H     6.7569466    3.8831877    3.2288926 
H     0.8270226    2.7132358   -2.9543186 
H     2.1013191    1.6849676   -2.2692083 
H     0.5453827    0.9701360   -2.7606937 
H     9.2812751    1.7307714   -1.9736125 
H    10.8651485    2.5295698   -2.1797726 
H    10.6309834    0.8526342   -2.7467022 
H     2.2079868    3.1934577   -0.1060112 
H     0.9238330    4.2361071   -0.7455406 
H     0.7132821    3.4449086    0.8292312 
H    -4.9569689    2.0524546   -0.5323722 
H     9.4224762    2.1892413    0.6473991 
H    10.9014756    1.6720423    1.5032582 
H    10.9746078    3.0206048    0.3349437 
H    -3.5164862    0.3762837    0.5812858 
H     3.2175492    1.3660027   -0.5693412 
H     8.0120142    0.8880199   -0.4623853 
H     1.5538943   -0.7603418    0.9512506 
H     9.0854421   -1.9517440    0.1387933 
H    -0.2015405   -0.8144089    1.9624108 
H    -1.9125999   -0.4580913    1.7933059 
H     4.4376507   -1.4209930    2.0970459 
H     3.0962780   -1.9675918    1.0890244 
H     7.1277514   -2.7359159   -0.2027474 
H     6.9154322   -2.2290277    1.4653130 
H     4.7598435   -2.7363478   -0.6459287 
H     3.3664204   -5.6706732    1.0398521 
H     3.2988564   -4.6352960   -0.4054468 
H     2.6843368   -4.0396747    1.1575665 
H     5.0185343   -5.1638196    2.9150981 
H     6.0725327   -3.7412934    2.8430309 
H     4.3166495   -3.5422709    3.0698798 
H     5.8559332   -5.0174671   -0.7391319 
H     6.9516634   -4.8177841    0.6519689 
H     5.7228356   -6.0927393    0.6710078 
H    -2.0117084   -1.8542801   -0.3056819 
H    -0.2911771   -2.2138784   -0.1511786 
H    -0.7237202   -3.3293792    2.0737847 
H    -2.4413405   -2.9630401    1.9261207 
H    -1.9850446   -5.3307431    1.2373255 
H    -2.5749254   -4.4017831   -0.1606918 
H    -0.8432566   -4.7735101   -0.0076494 
H    -0.3073726    4.4558374   -2.5072245 
H    -1.8145410    6.0662800   -3.5653094 
H    -4.2948061    5.8731510   -3.2890420 
H    -5.2432358    4.0294684   -1.9222875 