$coord
  -19.30386983704118     -1.12618852006694     25.34131558144160      c
  -18.04744177041026      2.91365721771912     23.76590420161781      c
  -18.79651673401949      5.20073454278905     22.63122041775761      c
  -15.49420351267345      2.55804080770993     24.39452821101601      c
  -17.03370423797836      7.07647310361296     22.11997107741217      c
  -13.73508032894543      4.46743784745738     23.90117419912555      c
   11.63844109894772      1.70955056521855      5.09263937387127      c
  -14.47220088509028      6.73169805238075     22.74657251293918      c
  -13.90575642409676     11.63912423494177     25.61346978051273      c
  -14.47108292311495     14.06644607256990     26.44110972980805      c
    9.23713946724740      0.92537318295394      5.74599555187074      c
  -14.83589228380260     20.58004951009930     24.18823966012826      c
    7.42508259812464      1.90590161333473      7.53173647292717      c
  -13.21455715764338     11.20114619048951     23.08481837143820      c
  -14.33797874071864     16.13090043207605     24.76943834681240      c
  -10.46318754080838      8.19276153748559     20.95610122944758      c
    5.27446220754133      0.39000092170982      7.49355720219568      c
  -13.10636372296712     13.25281371817337     21.41772711765080      c
  -13.64371585027202     15.70436241163704     22.24325265238528      c
    3.06178661253232      0.81062939061189      8.93780325862704      c
    5.79214436458761     -1.73710163827992      5.59485431156010      c
   -7.11432885323191      6.45741564374806     18.02226740589583      c
    2.58793249554926     -4.09924606597926      2.73858184014966      c
   -8.21579559819127      9.56442774881277     21.01608378225978      c
   -5.61994949654991      5.04563923953526     16.28100988192263      c
    3.89060537298419     -1.89303352328909      3.41987497328514      c
   -6.36714985184351      8.59036974068270     19.36852190310733      c
    0.91121063051294     -4.07848270018494      0.69360961212534      c
    0.85813710538498     -0.57647040294771      8.87244537985334      c
   -6.31952308432457      2.93915926074356     14.94995577473979      c
   -1.35925127760622     -0.09512163215439     10.29964270513355      c
   -4.77825546509313      1.57707037038860     13.19575778421038      c
    3.49318878801612      0.31857003008941      2.00545049585389      c
    0.52628626906431     -1.87230757407203     -0.69930562461019      c
    1.82935523309496      0.33079447941700     -0.03779962475305      c
   -3.60893810362908     -1.48626052633277     10.21259889627148      c
   -5.50164905066870     -0.56571691643553     11.81396471955395      c
  -19.90035697499138      1.19625824195978     24.17413984659459      o
   13.02072076808124      0.36669795297661      3.19649781802501      c
   12.83612154878889      3.83519614636620      6.24827247257646      c
    7.68131472076013      4.08090041578878      9.08588068597181      c
  -12.67544531737123      8.68756194575184     22.23686122068657      n
  -14.90575035636948     18.42365203778039     25.75558417707125      o
  -10.25881290453966      5.66460580357355     18.80450744093747      s
    8.23599639251829     -1.09696844089230      4.56133928345310      o
   -1.66274979698868      2.41691719455856     12.46110426552123      s
   14.16887697640173     -0.69686107489537      1.65548380003950      n
   13.88145756969588      5.54808151127688      7.14203790739730      n
    7.72098082800647      5.83541285674533     10.40703773052215      n
    6.29001142040890     -4.28607761874264      6.98094007808124      c
    4.17994133992564     -5.19082633077242      8.07528557911256      f
    8.01634974560079     -3.96579946520917      8.79367044559481      f
    7.14922189023267     -6.04080019724424      5.38820085455769      f
  -21.08077647743760     -2.18946578977374     25.48276649515776      h
  -17.94090222403827     -2.23570171886496     24.21251583781565      h
  -18.52548673301990     -0.85330091828684     27.26044697840222      h
  -20.78815597751894      5.44862106794035     22.15101323051617      h
  -14.85205284367518      0.81803201475989     25.29132684523949      h
  -17.63383268919810      8.83780518820805     21.22720927613612      h
  -11.75877507911164      4.18375764183432     24.42396485280453      h
  -14.00280595484350     10.05364477227120     26.93126424639691      h
  -15.01004490810541     14.42609874860868     28.40047906514033      h
  -15.35378457839394     22.19614253598881     25.38328243024468      h
  -12.92911780597091     20.90723102213864     23.40051620679079      h
  -16.20061299573133     20.43967063801364     22.61278254893225      h
  -12.58965307412151     12.93697604308755     19.44423378029046      h
  -13.53725321575330     17.25753454956318     20.89404224556965      h
    3.15559034968740      2.45147537209004     10.19499231796835      h
    2.86000430256136     -5.85779798549981      3.77199331126503      h
   -7.94449442149280     11.20658992453672     22.22708491155343      h
   -3.70563160997393      5.79544458229166     16.01413519969848      h
   -4.47709208028287      9.39632602756101     19.17301934202111      h
   -0.08609516634750     -5.81449982464193      0.18571037825364      h
    0.72662728492003     -2.21002393131093      7.61762906063411      h
   -8.23065848313406      2.17987769736261     15.19311741766168      h
    4.50080663136603      2.05195193146562      2.49959441326445      h
   -0.77888255863602     -1.86741431724493     -2.30028821143458      h
    1.55112159610830      2.06867978712081     -1.11807101252600      h
   -3.82626567864644     -3.13133817152179      8.98624260837957      h
   -7.37826803489407     -1.40139576066501     11.99539316738179      h
$user-defined bonds
$end
