$coord
   -8.16149809745240      6.08081930533067     -4.16244020834026      c
   -8.24394250189973      7.30254500832680      0.50809897792308      c
   -6.78332026784499      7.41532764289671     -1.99137373697894      c
   -4.24430484481256     10.86764203278240     -2.85087541359852      c
   -3.75202533119656     13.35282898510009     -3.49366858947916      c
   -4.33926377154762      2.07912298060333     -0.54914704188436      c
   -0.95453657034484     -5.45400187410761      1.49910953014455      c
   -4.01382099651555      6.65999088280092     -1.74455093866319      c
   -2.56581589687709      8.78099246199730     -2.27487838704502      c
   -0.10874126627979     -7.84112753631144      2.14948636593593      c
   -3.56066278210417     -4.87839602086191      1.29914929410295      c
   -3.01531484562075      4.24572308426909     -1.09330104940224      c
   -2.80439759956335    -14.22748702112961      3.78853351711604      c
   -1.83432766944669     -9.84712132842616      2.65116518832320      c
   -5.26374141329110     -6.87705484102390      1.79868762370886      c
   -4.45346464557406     -9.28063208092350      2.45292611483591      c
    1.68826601295905    -12.73820293299744      3.48161705009197      c
   -6.63927778372151     10.07786180153089     -2.68588059106825      o
   -1.24966662655701     14.33860178342193     -3.71303328925887      c
   -5.81486813226362     15.03425437846061     -3.96764723941383      c
    0.12193023182139      8.80428957257953     -2.23305742509877      c
   -1.00091007149794    -12.21793128424259      3.29619636685324      n
    0.75210079307998     15.22130154897480     -3.91509112129880      n
   -7.47770769124322     16.41649247361939     -4.35612749851116      n
    2.31055188093526      8.64049056874093     -2.15081257573019      n
   -3.17722053285509     -0.26902897000622      0.08979940749699      c
   -4.52273387948051     -2.41152297133581      0.62905864640686      c
   -8.43287637497676      4.06195836803337     -3.75532970629808      h
  -10.02571027377915      6.96032297708896     -4.43691253444847      h
   -7.08225850014350      6.25688282069070     -5.93027786409199      h
   -8.52053415585671      5.34030385620293      1.13039183788594      h
   -7.22088502919380      8.32915195361262      1.99821454555009      h
  -10.10714480858548      8.19033021585365      0.25641259148038      h
   -6.40810947662216      2.09587974906822     -0.59162317187803      h
    0.45274568719838     -3.98823920704866      1.13387233546228      h
    1.92051108600421     -8.16283148820593      2.27173766222589      h
   -0.94871148956569      4.14346830291208     -1.02827084913856      h
   -4.06843464843507    -13.76918780679618      5.38648101481167      h
   -4.00222601496007    -14.62833081339731      2.12493447720695      h
   -1.78261814863549    -15.96717285988496      4.26708435940925      h
   -7.29567925537081     -6.51731750525474      1.66593228475516      h
   -5.86460175543891    -10.73401628597570      2.81528601252083      h
    1.96919893474213    -14.72170614963993      4.01568464441966      h
    2.67438803266873    -12.42130077518562      1.66814817760890      h
    2.61718073164316    -11.55136724344028      4.92692664438626      h
   -1.10879982718597     -0.30316932909155      0.13859667137753      h
   -6.59007196105283     -2.26690128615514      0.55143927967353      h
$user-defined bonds
$end
