$coord
    0.34611902445204      0.75399373173902      4.54864542615615      c
   -1.51109039377468     -3.03520326821938      3.09647555911163      c
   -1.90113081076050     -3.82930908257015      5.51402089863401      c
    0.00288239925789      0.05792010571978      7.00545322742466      c
   -1.16313946881742     -2.32324139186212      7.66936465966583      c
   -1.58112213217241     -3.18161357917701     10.13051524054134      c
   -0.95363687173691     -1.89740294803445     12.37852077723112      c
    0.75937623865979      1.65297840114347     21.95867161431861      c
   -0.47133832459335     -0.94240698526871     21.70472795002005      c
   -0.89203463466330     -1.84819863714667     24.14317725096043      c
   -0.00497829450271      0.01108494447444     25.93558663756545      c
    0.01443845245520      0.03010031360349     28.55438251812733      c
    0.00697063275591      0.01293460840523     -0.05728534671452      c
   -0.39017175295148     -0.74770755778545      2.56139620541682      n
    3.47454115959092      1.75381324229044     20.95426706127102      c
   -0.88748398518259      3.81885851915575     20.96500939839907      c
    0.93271779250992      2.00183185929784     24.68510667288440      o
   -2.01614861339062     -4.22888297888210     24.67378248908258      c
   -0.94527918000553     -2.00833724148187     30.03750175272313      c
    1.03303295897261      2.16610499542111     29.85823571849970      c
   -2.94786730769845     -6.20326221984967     24.92198951178461      n
   -1.70561275392006     -3.62456235922749     31.31798584394793      n
    1.85735303741219      3.89304406454802     30.93905796143797      n
   -1.37858393175159     -2.78725816155822     14.80166632012383      c
   -0.71067138238675     -1.41557607653159     16.99609188508426      c
   -1.09716005912134     -2.23748505340876     19.44625862183300      c
    1.22730682013260      2.54783912122614      4.03775399993871      h
   -2.06619952158223     -4.16809634760388      1.46373329017372      h
   -2.80027780763905     -5.66182544952639      5.81707419854151      h
    0.64147509190872      1.36202029329664      8.46696344378537      h
   -2.48382105827481     -5.03367821802944     10.32544313591306      h
   -0.05269085558772     -0.03649817037102     12.22341489151103      h
    0.87501179276006      1.89556670115915     -0.10441095886521      h
    1.27266156993191     -1.32161209060115     -1.03562585218821      h
   -1.80184611195356      0.09470419165346     -1.08582094648313      h
    3.51743775364732      1.59398719865625     18.88367014699678      h
    4.34610949340669      3.56073572553258     21.50206824020943      h
    4.60600144862773      0.20535842768921     21.75613303595257      h
   -1.04370424239837      3.75508479779233     18.89501171627895      h
   -2.79973980261137      3.70861870005913     21.77160932599542      h
   -0.04190335400529      5.63656113404843     21.51648307108807      h
   -2.27352855567420     -4.64006338407888     15.04541188841824      h
    0.17553892738784      0.42743828596478     16.67659022001541      h
   -1.98353949938408     -4.09058904162974     19.70428806298561      h
$user-defined bonds
$end
