$coord
  -19.30386992640039     -1.12618851460606     25.34131550594254  c
  -18.04744175060461      2.91365729673886     23.76590426703406  c
  -18.79651667107104      5.20073452924732     22.63122043123562  c
  -15.49420345119510      2.55804076758317     24.39452814803045  c
  -17.03370418926099      7.07647315296371     22.11997104795972  c
  -13.73508036167381      4.46743793724605     23.90117420739259  c
   11.63844107467215      1.70955065904265      5.09263938891199  c
  -14.47220097788789      6.73169796179624     22.74657250551167  c
  -13.90575648034310     11.63912415446597     25.61346976997534  c
  -14.47108300217503     14.06644612867385     26.44110976583298  c
    9.23713945508290      0.92537315350353      5.74599556664036  c
  -14.83589236923531     20.58004944759314     24.18823974867453  c
    7.42508256980544      1.90590160376888      7.53173639498375  c
  -13.21455708613598     11.20114610381149     23.08481843953457  c
  -14.33797871211394     16.13090043787547     24.76943843653926  c
  -10.46318745289917      8.19276159393933     20.95610120128765  c
    5.27446220192360      0.39000088294686      7.49355726660686  c
  -13.10636369272005     13.25281363291497     21.41772709426662  c
  -13.64371585012181     15.70436243997537     22.24325273726660  c
    3.06178653174917      0.81062935174007      8.93780328955697  c
    5.79214428037651     -1.73710166082272      5.59485432224054  c
   -7.11432888517358      6.45741569281414     18.02226734397091  c
    2.58793257606697     -4.09924614624255      2.73858184528476  c
   -8.21579562495865      9.56442774025717     21.01608371382979  c
   -5.61994950536349      5.04563927452626     16.28100995250973  c
    3.89060529277128     -1.89303360715836      3.41987500969541  c
   -6.36714991887615      8.59036967523333     19.36852182114636  c
    0.91121063734644     -4.07848275611839      0.69360954383098  c
    0.85813706713243     -0.57647044457425      8.87244536372253  c
   -6.31952306293544      2.93915924620932     14.94995572863511  c
   -1.35925125358556     -0.09512167104323     10.29964269091908  c
   -4.77825542021211      1.57707036741219     13.19575782634748  c
    3.49318879781417      0.31857005684404      2.00545046213691  c
    0.52628629152867     -1.87230756208540     -0.69930555783425  c
    1.82935518072546      0.33079442520773     -0.03779953775934  c
   -3.60893815318621     -1.48626057252716     10.21259894647353  c
   -5.50164900069172     -0.56571687862598     11.81396478630536  c
  -19.90035704948853      1.19625815282491     24.17413981894714  o
   13.02072073069867      0.36669789704638      3.19649776125969  c
   12.83612159119120      3.83519609000370      6.24827238953105  c
    7.68131475458638      4.08090049426543      9.08588062838206  c
  -12.67544540251604      8.68756199347250     22.23686126476645  n
  -14.90575036113561     18.42365211702909     25.75558415398764  o
  -10.25881296087853      5.66460576495247     18.80450744766102  s
    8.23599632844407     -1.09696835145288      4.56133935024627  o
   -1.66274974348690      2.41691711408220     12.46110435223791  s
   14.16887694017078     -0.69686110269492      1.65548377436136  n
   13.88145748515565      5.54808160129351      7.14203799585984  n
    7.72098086965804      5.83541291421415     10.40703765547626  n
    6.29001137014130     -4.28607767310321      6.98094002899814  c
    4.17994137573227     -5.19082631672899      8.07528558292090  f
    8.01634968394497     -3.96579949708822      8.79367044774457  f
    7.14922191738899     -6.04080018517250      5.38820087503314  f
  -21.08077656855888     -2.18946581663719     25.48276645352718  h
  -17.94090221074310     -2.23570163703663     24.21251580147592  h
  -18.52548669294325     -0.85330097136588     27.26044706386470  h
  -20.78815588932531      5.44862106241641     22.15101317815516  h
  -14.85205279159488      0.81803201177300     25.29132692427542  h
  -17.63383270238078      8.83780521877954     21.22720919416821  h
  -11.75877513140179      4.18375760858606     24.42396492988664  h
  -14.00280601861849     10.05364476222265     26.93126424255711  h
  -15.01004495382718     14.42609865967102     28.40047908207113  h
  -15.35378463792243     22.19614257133764     25.38328236762304  h
  -12.92911772397186     20.90723107818781     23.40051621972201  h
  -16.20061305974131     20.43967063766366     22.61278260302447  h
  -12.58965306030695     12.93697602591775     19.44423370636603  h
  -13.53725318151660     17.25753458252051     20.89404226626719  h
    3.15559026295375      2.45147531695095     10.19499223532666  h
    2.86000429095379     -5.85779794784276      3.77199335811172  h
   -7.94449436867562     11.20658991487828     22.22708493869287  h
   -3.70563157732867      5.79544455854181     16.01413527401136  h
   -4.47709200454795      9.39632602444781     19.17301939974896  h
   -0.08609525464680     -5.81449976653648      0.18571042710627  h
    0.72662723084803     -2.21002384626312      7.61762915302041  h
   -8.23065851857643      2.17987766141253     15.19311749211992  h
    4.50080669630919      2.05195195091130      2.49959450685650  h
   -0.77888250528656     -1.86741432363655     -2.30028828116151  h
    1.55112150560082      2.06867970410614     -1.11807093863786  h
   -3.82626572908803     -3.13133819412497      8.98624262015317  h
   -7.37826806408249     -1.40139571934259     11.99539309115789  h
$user-defined bonds
$end
