$dipgrad          cartesian dipole gradients
  0.14380779492280D+00  -.14685077497179D+00  0.12174317530621D+00
  0.58281206512634D+00  0.94857990456842D+00  -.54557010549911D+00
  -.29037500661082D+00  -.31124819625696D+00  0.60261890556300D+00
  0.12401909440654D+01  0.93632179424121D+00  -.67530368393644D+00
  0.11195353432842D+01  0.88073650717513D+00  -.59280240308880D+00
  -.27129361003750D+00  -.14680844944894D+00  0.25284325650948D+00
  0.10961741512974D-01  0.33732707481603D-01  0.59163083724157D-01
  -.42642966991349D+00  -.23042578905065D+00  0.16979213580222D+00
  0.27618204963102D+00  0.42834179634757D-01  -.22623678310127D+00
  -.44203182308991D+00  -.32371560868011D+00  0.30526252355602D+00
  0.66251915098592D-02  -.85088954495484D-01  0.74833185162280D-02
  -.89085958393633D-01  -.69565901557534D-01  -.56618228657784D-01
  0.15549827019339D+00  -.10908354920254D+00  -.13479397513188D-01
  -.20850470088641D-01  0.73292870047635D-01  0.47494642861188D-01
  0.25316818167963D-01  0.17255883534366D-02  -.65875309216723D-01
  -.52992386693799D-01  0.13026769346973D+00  0.66849361049323D-01
  -.13154204639012D+00  0.67870221400656D-01  -.48155468822672D-01
  0.22938208300153D-01  -.90543454520443D-01  -.49603177714319D-01
  -.15697652737014D+01  -.23973993597884D-02  0.71769029058736D+00
  -.25874600498697D+00  -.69358418786462D-01  0.57327741248516D-01
  0.64946111882319D+00  -.39445271040633D-01  -.38704995609046D+00
  0.83134106551309D+00  0.26771625982615D+00  -.53620496760155D+00
  0.10435449998524D+01  0.16869502089320D+00  -.60890762206562D+00
  0.18334827631343D+00  -.31150688987799D+00  -.20211081944926D+00
  0.41583058303066D-01  0.21401088251463D-01  -.13075284881389D+00
  -.69357826539387D-02  0.12556714023877D-01  0.52980757601374D-01
  -.14449129195860D+00  -.26088376498799D-02  0.16151237339558D+00
  -.16870519430679D+00  0.21629923847426D-01  0.10755250213792D-01
  0.32956220301617D+00  -.49863696694403D+00  -.35465139575491D+00
  -.15113966876361D+00  0.22154667066312D+00  0.15013826079048D+00
  0.29177032649199D+01  0.44149345846864D-01  -.12669766740551D+01
  -.84065285443744D-01  0.88818948231624D+00  0.77641870782646D+00
  -.14996449928976D+01  0.56075892903774D+00  0.14369114459364D+01
  0.32926755857492D+00  0.21682907097270D-01  0.39768247801861D-02
  -.35723242376715D+00  0.12581069367363D+01  0.16497251963736D+00
  0.26664713291904D+00  -.68206397244182D+00  0.14793222451393D+00
  -.27298792757610D+01  0.51146587703713D+00  0.17931178906225D+01
  -.91537940441112D+00  0.33634603006840D-01  0.45844374835170D+00
  0.73148484640827D+00  -.23155703103932D+00  -.62984085137176D+00
  -.18919426774643D+00  -.24501116086497D+00  0.99856913250844D-01
  -.75519575211131D+00  0.10977743920935D+01  0.81416358211719D+00
  -.42783408613428D+00  0.45284562804486D+00  0.36899169592333D+00
  0.30617731707903D+00  -.44930199371023D+00  -.16529951160389D+00
  -.80875430254014D+00  0.19636954890149D+01  0.81967505662013D+00
  -.22659177111200D+00  0.79949533303715D+00  0.28010530009354D+00
  0.36557918118451D+01  -.13702171268999D+01  -.27725254648728D+01
  0.46008486762228D+00  -.27910972011116D+00  -.29198523566159D+00
  -.89456216742841D+00  0.63637426333351D+00  0.81211437894856D+00
  0.36521793124837D+01  -.56964760859646D+00  -.24112056949041D+01
  0.64823313021665D+00  0.52157260677710D-01  -.23531238023505D+00
  -.13907315028735D+01  0.33755664973362D+00  0.93295679333186D+00
  -.13881215350197D+00  -.46241919527797D-01  0.26033023254249D-01
  0.11867331931658D+00  0.70427431342809D-02  -.22146767124548D+00
  0.45310971435726D-01  -.12513985891145D-01  -.44499733350696D-01
  -.15012389995914D+00  0.10909256249572D+00  -.20877154733597D-01
  0.26602335658296D-01  -.23077321207609D+00  0.53040348767143D-02
  0.16035761843775D+00  -.49513276047782D+00  -.20387750538171D+00
  -.36050881108019D+01  0.66435637032114D+00  0.22845318893927D+01
  -.71095431807337D+00  0.29259702319858D-01  0.46587760408483D+00
  0.11095836380760D+01  -.22776789482721D+00  -.87593328980313D+00
  0.57795647856550D+00  0.22950801108387D+00  0.35012921491589D+00
  -.41913279994693D-01  0.23720435494923D+00  0.15621140339261D+00
  -.14715529029752D+00  0.10466190883572D+00  0.58628674918302D+00
  -.37150805066334D+00  0.44262454635230D+00  0.46716743769952D+00
  0.19299465874709D+01  -.10572318763659D+01  -.16833507174393D+01
  0.16670627266609D+01  -.94561640963142D+00  -.16542476296044D+01
  -.65533545163106D-01  -.51067979386519D-01  0.40358676978265D-01
  -.22650415037390D-01  0.46724295015325D-01  0.87619565279770D-01
  0.25951632661894D-01  -.12131380862018D+00  -.11230880001217D+00
  -.25918347596786D+01  0.11309358640116D+01  0.20662327512539D+01
  -.69189666695411D+00  0.21394276584755D+00  0.58755957954211D+00
  0.90460312207653D+00  -.43061107526568D+00  -.92814342484764D+00
  0.36399921111625D+00  -.27824261367384D+00  -.39922536759725D+00
  -.23056462653642D+01  0.12737269480397D+01  0.21551018712649D+01
  -.19451716851539D+01  0.11205621964122D+01  0.17923666573592D+01
  -.11827926527800D+00  0.72298163430593D-01  0.18351096988372D+00
  0.60741931859882D-01  -.12343813686466D+00  -.56891960684646D-01
  -.61006036882737D-02  0.19638342165891D-01  -.36439840994286D-01
  0.57547643176430D+00  -.32807140159059D+00  -.55311917315587D+00
  -.15477880801030D+01  0.76174097066664D+00  0.14261858562225D+01
  -.16201286621637D+01  0.87375350955022D+00  0.14030160328403D+01
  -.47165308858988D-01  0.10344904251033D+00  0.23718261195668D-01
  0.79072166206931D-01  0.59376149753648D-01  0.45846750125980D-01
  0.22089116675079D-01  0.54852003897772D-01  -.93750096597115D-01
  0.38076275340151D+01  -.82941879877913D+00  -.25721990715140D+01
  0.80833753144944D+00  -.64827019552726D-01  -.42631230107015D+00
  -.11782472450365D+01  0.34565015925421D+00  0.84715174080233D+00
  -.62347491796200D-01  0.10336999022548D+00  0.51559526289549D-01
  0.23184004560461D+01  -.11872457411230D+01  -.19611653614442D+01
  0.17597774795516D+01  -.84659862478572D+00  -.16670187611578D+01
  -.30102328834384D+01  0.80282278388218D+00  0.20842307021530D+01
  0.55886712208569D-01  -.11751288864860D+00  -.32321581175168D-01
  0.13983640888493D+01  -.39304607750581D+00  -.10895780250477D+01
  0.53409267735421D+00  -.42798208116360D+00  -.57271890697595D+00
  -.19713540876338D+01  0.91331386520156D+00  0.17262401360560D+01
  -.17929671425752D+01  0.92977784327337D+00  0.15784772114638D+01
  -.35342983554395D-01  0.55321678416407D-01  -.61191236036753D-02
  -.23592536840408D-01  -.51853850348122D-01  -.43490077465501D-01
  0.16201333831789D-01  0.30130487866115D-01  -.12843167458668D+00
  0.14076677031670D-02  -.16057430430715D-03  0.70514036584359D-01
  0.20394870174919D-01  -.59439520707585D-01  -.41747591750460D-01
  0.99971583337888D-01  -.11923305366434D-01  0.32257964475330D-01
  -.92371005816913D-01  -.32202815077702D-01  0.10814731050995D-01
  0.22527994509164D-01  0.26953943007209D-01  -.15554673048548D+00
  -.80898658659811D-02  -.99751305055062D-01  -.42987476102997D-02
  0.21094041398028D+01  -.57279883072023D+00  -.15509681822847D+01
  0.15852436069570D+00  0.40596110934206D-01  -.76349930360873D-02
  -.86031083097360D+00  0.35442919427938D+00  0.64691450609883D+00
  -.46439752400889D+00  0.19322256438480D+00  0.33123201525228D+00
  0.18131559570210D+01  -.72854053776381D+00  -.13879712679410D+01
  0.15784789941030D+01  -.55192549124648D+00  -.13572212293981D+01
  -.13672808727854D+01  -.68330762199520D+00  0.63580946828511D+00
  -.13299762745190D+01  -.14406040220387D+01  0.97673422324764D+00
  0.37638671556828D+00  0.40842196224819D+00  -.54447606876325D+00
  0.44550323507594D+00  -.15927055852768D+00  -.28101349201907D+00
  -.51850032885773D+00  0.14284522078948D+00  0.25622674480671D+00
  -.59220069445516D+00  0.87207818559133D-01  0.48071222946557D+00
  0.39123020840889D+00  0.10481915683340D+00  -.28303636238807D-01
  0.65050499366533D+00  0.25430713543294D+00  -.21355432386510D+00
  0.42517939924376D+00  0.34625123837922D-01  -.35751688362610D-01
  0.82645061603839D-01  0.17472650947597D-01  0.38723526342713D-01
  0.61696892220372D+00  0.11243805794962D+00  -.32067063451947D+00
  0.50985892199229D+00  -.24816051237899D-01  -.11755918563871D+00
  -.29141616812036D+01  0.92245798603705D+00  0.21634742646975D+01
  0.36893104101885D+00  -.10931291753572D+01  -.45598772305144D+00
  0.13462028197103D+01  -.63377845336235D+00  -.12308864510170D+01
  -.42017136353914D+00  0.40800666179972D+00  0.16702541857961D+00
  0.10276135192907D+01  -.26503650726994D+01  -.80567285629216D+00
  0.24187868821939D+00  -.38241450455186D+00  -.60726915264660D+00
  0.34237298247700D+00  -.22552790640875D+00  -.36548322648288D+00
  0.44867639363758D+00  -.29212650016475D+00  -.49224382790667D+00
  -.11982692240040D+00  -.98604097804987D-01  0.91071342894111D-01
  -.10406877569363D+01  -.43140581803800D+00  -.23725643468172D+00
  -.22795621536925D+00  -.96062486515381D+00  -.61256642860661D+00
  0.12968576603073D+00  -.40057469187910D+00  -.76533091665151D+00
  -.36278167761463D+00  0.50045833011771D-01  0.24960070196676D+00
  -.60571428424641D+00  0.85513909471390D-01  0.29744339410185D+00
  -.29893547033210D+00  -.80619831482439D-02  0.21678838414114D+00
  -.58136300976909D+00  0.72999534501213D-01  0.18609085369577D+00
  0.27798010254296D+00  -.30247603468808D+00  -.14936082897732D+00
  0.39987512501713D+00  -.58212428041085D-01  -.53175272513141D+00
  -.53556551452711D+00  -.36933610833791D-01  0.76790799132662D-01
  -.39899393328818D+00  -.29316558631293D+00  0.17195863575819D+00
  -.18571893972261D+00  -.10727166789706D-01  -.21961467775130D+00
  -.19824996258139D+00  0.18951729246977D-01  -.21932944774720D-01
  -.38596953507271D+00  -.21428229737022D+00  0.20988141550013D+00
  -.31586364980036D+00  0.12989669441472D-01  -.12887445346339D+00
  0.12703768185617D+01  -.28201585053283D+00  0.60489507928782D-01
  -.63660228224052D+00  0.17859581542508D+01  0.50228534142268D+00
  0.10381706442650D+00  -.10466679330976D+00  0.14340446517337D+01
  -.56112955649574D+00  -.13965359140250D-01  0.11089501948772D+00
  -.42126319068547D-01  -.52387874911937D+00  -.10536983067672D-01
  0.12714239736173D+00  0.16206989867106D+00  -.37963993504108D+00
  -.49126483862580D+00  0.70024199223794D-01  -.30392420001978D+00
  0.16555881452168D+00  -.41589316831472D+00  -.30707994836012D-01
  -.30901925074624D+00  0.67483595657669D-01  -.59594654604724D+00
  -.37941178275645D+00  0.27656319927197D+00  0.14019271974730D+00
  0.36674217958770D+00  -.82622507065926D+00  -.47060745411957D+00
  0.90520667038927D-01  -.19973578865005D+00  -.53944211160678D+00
  -.83135837298853D-01  -.10194058890885D+00  0.43932518408846D-01
  -.97949456247998D-01  -.21527588840738D-01  0.59096999912283D-01
  0.14318126935765D-01  0.27358843834941D-01  0.64160293918439D-01
  0.51338203928869D-01  0.14801980668482D+00  0.35375550566361D-02
  -.47412549556322D-01  -.80118125700427D-01  0.35356590291525D-01
  0.96925340173951D-01  -.26044965391025D-01  -.47854461650844D-01
  0.91927837543594D-01  0.65042497860125D-01  -.12845130664068D+00
  -.84042871240182D-01  -.45480056178302D-01  -.12412894727299D-01
  0.23828469845505D-01  0.54726712746753D-01  -.14825722186131D+00
  -.60898018650763D-01  0.57410958737129D-02  -.28220418849180D-02
  -.14429785179162D-01  0.78965090032251D-01  0.23545573818307D-01
  -.24383933869985D-01  0.21564710932127D-02  0.10498526113390D+00
  0.73322416644032D-01  0.34981633111930D-01  -.15811593683927D-01
  -.29496909668085D-01  -.11872315394573D-01  0.97242833822629D-01
  -.27716092864148D-02  0.68068423446406D-01  0.83038377111192D-01
  0.12137890986422D+00  0.29942615344897D-01  -.30392250908977D-01
  0.29621085861290D-01  -.55334189966288D-02  0.50432279680111D-01
  -.60628908024561D-02  0.68343034869210D-01  0.70316874015643D-01
  -.42190750588479D-01  -.10316861879966D-01  -.18876885821422D-01
  0.45072878626717D-01  0.65452755631320D-01  -.31326519805930D-01
  -.87765345189698D-01  0.63291303192431D-02  0.14305613846555D+00
  0.10763051444531D+00  0.91139955521833D-03  -.58304887383039D-02
  -.69228913554137D-02  0.18066740975857D-01  0.79863767076851D-01
  -.11659045133617D-01  0.99177114034576D-01  0.75738055692599D-01
  0.92787373674326D-01  0.11400562712128D-01  0.51054628501207D-01
  0.33257147682062D-01  0.49373209916421D-01  -.47322221581522D-01
  0.53791497704284D-01  -.47302662762007D-01  -.32035419280484D-01
  0.64665579778016D-01  0.50719898309414D-01  0.28617845038643D-01
  0.70089070985572D-01  -.12165466409321D+00  -.73824299567346D-01
  0.38428941929971D-01  -.91125096862377D-01  0.26608428708521D-02
  -.86535435345515D-01  -.92941177288794D-01  0.33758751885206D-01
  0.47016817717401D-01  -.46112627546009D-01  -.19159097457110D-01
  -.11266250991535D-01  0.17498400005241D+00  0.60870561141387D-01
  -.39490391975085D-01  -.25410359084732D-02  -.80858174237116D-01
  -.13784019929340D-01  -.48875441355289D-01  -.58148522862527D-01
  -.15352302926405D+00  0.17400458722261D+00  -.67333701699729D-02
  0.13086601833556D+00  -.25304240139464D-01  -.61968021386909D-02
  -.32007171277448D-01  0.98201187045541D-01  0.66647039925473D-02
  0.79074746030441D-01  -.77121502020728D-01  -.63901298471336D-01
  0.11723268246976D+00  0.21086115678195D-02  0.13026057624487D-01
  0.41094142804197D-01  -.39711306609500D-01  0.23457582226100D-01
  -.38672246815306D-03  0.86253668523479D-01  0.50040360062715D-01
  0.25771807259230D-01  0.82118278630442D-02  0.52351295169850D-01
  0.14861623793534D-01  0.31435833509372D-01  -.76162893629587D-01
  0.72943567737087D-01  -.65829560523487D-01  0.12933407438213D-01
  0.84070842315845D-01  0.58081066600422D-02  0.39561710272809D-02
  0.50543391783279D-02  0.39748790607784D-01  0.68335380119012D-01
  -.11739363485730D-01  0.62308346625256D-01  0.98257197020881D-01
  0.77562214266817D-01  -.29020300755111D-01  0.20218810674778D-01
  0.10568403689255D-01  0.29143150352696D-01  -.85027764538799D-01
  0.35881260605445D-01  -.78436158255127D-01  0.52072103637399D-01
  -.47944328840792D-01  -.20385749737686D-01  0.51457049973682D-01
  -.53548646738990D-01  0.74391271817587D-01  0.38603614220914D-02
  0.40325738862256D-01  -.24735734437917D-01  0.67728952917525D-01
  -.18964273193503D-01  -.46026186439472D-01  0.25492240232392D-01
  -.79371345439452D-01  0.92769219181032D-01  0.18446529247577D-01
  -.14499814481690D-01  0.86594667847745D-02  0.13860254498098D+00
  0.60402072135654D-01  -.76550717201457D-01  -.59412247970010D-01
  -.51970410133132D-01  -.32285764737319D-01  -.37544245613719D-01
  -.27133258230473D-01  -.18311374210452D-01  0.62696246252619D-01
  0.90060750202594D-01  -.39244966318995D-01  -.44589845422768D-01
  -.77923911129180D-02  0.31054490201959D-01  -.64988528470825D-01
  0.17257871578479D-01  -.35319052648442D-01  0.10075412266071D+00
  -.75932933642460D-01  -.15283611412328D-01  0.73152174281892D-01
  -.26631142832065D-01  0.54886731884246D-01  -.33523318131222D-01
  0.58581898721636D-01  -.34069631566554D-01  0.58228992869412D-01
  0.40688224995507D-01  -.51099038649723D-01  -.12247993128046D-01
  -.21991967528647D-01  -.14164841525057D-01  -.74538872023878D-01
  -.60007629536852D-01  -.25842596838168D-02  0.13399686888688D+00
  0.40052953717816D-01  -.17521090170108D-01  -.10295878776129D+00
  -.22307815285860D-02  0.73300126855529D-01  -.27809162975587D-04
  -.72279063037656D-01  -.58812108187817D-03  -.16743218829783D-01
  0.76232982052623D-01  -.30050442144333D-02  -.36926788749071D-01
  0.28474332342341D-02  -.14861222285470D-01  0.77452405157494D-01
  -.27204232464339D-01  0.50627422671446D-01  0.33680094183533D-01
  0.11492571800056D+00  -.16652462688824D-02  -.63415658845996D-02
  -.28321384934792D-03  0.20434280943116D-01  -.84131222937476D-01
  0.68395253801586D-03  -.84163053647734D-01  0.59456276711593D-01
  -.34746497302406D-01  -.51913363353787D-01  0.38510003612899D-01
  -.28489414694314D-01  0.84993940302047D-01  -.27651642421636D-01
  0.50448764133805D-01  -.13616303635389D-01  0.96667108935042D-01
$end
