$energy      SCF               SCFKIN            SCFPOT
     1 -3115.252042348      3102.465116683     -6217.717159032
     2 -3115.252042403      3102.465151309     -6217.717193712
     3 -3115.355074820      3101.801705096     -6217.156779916
     4 -3115.489993216      3100.189460489     -6215.679453705
     5 -3115.558020691      3099.353458301     -6214.911478992
     6 -3115.604255254      3097.522269272     -6213.126524525
     7 -3115.633121519      3096.321052603     -6211.954174122
     8 -3115.648681087      3095.336171658     -6210.984852745
     9 -3115.657105273      3094.460199546     -6210.117304819
    10 -3115.663963458      3093.772410662     -6209.436374120
    11 -3115.673823768      3093.557122285     -6209.230946053
    12 -3115.682363265      3093.595619196     -6209.277982461
    13 -3115.685143897      3093.598121531     -6209.283265429
    14 -3115.691819777      3093.560385467     -6209.252205245
    15 -3115.696069730      3093.333143239     -6209.029212969
    16 -3115.699809665      3093.082074242     -6208.781883906
    17 -3115.702436779      3092.923931029     -6208.626367809
    18 -3115.704205036      3092.886349030     -6208.590554066
    19 -3115.707060915      3092.799822456     -6208.506883371
    20 -3115.709241256      3092.665582983     -6208.374824239
    21 -3115.710537248      3092.633491576     -6208.344028824
    22 -3115.712005813      3092.636542355     -6208.348548169
    23 -3115.713566189      3092.615958287     -6208.329524476
    24 -3115.714980505      3092.581552811     -6208.296533316
    25 -3115.716381515      3092.579364136     -6208.295745651
    26 -3115.717708448      3092.560857367     -6208.278565815
    27 -3115.719091356      3092.509644767     -6208.228736123
    28 -3115.720389768      3092.486106022     -6208.206495790
    29 -3115.721709241      3092.465430341     -6208.187139582
    30 -3115.723079058      3092.430976421     -6208.154055479
    31 -3115.724144428      3092.393941077     -6208.118085506
    32 -3115.724912319      3092.378975461     -6208.103887779
    33 -3115.725556107      3092.369530568     -6208.095086675
    34 -3115.726182954      3092.372485453     -6208.098668407
    35 -3115.726926682      3092.378994936     -6208.105921618
    36 -3115.727486124      3092.371053320     -6208.098539443
    37 -3115.727886012      3092.369664084     -6208.097550096
    38 -3115.728265803      3092.379848095     -6208.108113898
    39 -3115.728709703      3092.369031853     -6208.097741556
    40 -3115.729095985      3092.360435813     -6208.089531798
    41 -3115.729512913      3092.347198381     -6208.076711295
    42 -3115.729847063      3092.331998925     -6208.061845988
    43 -3115.730160905      3092.318341351     -6208.048502257
    44 -3115.730500209      3092.321174201     -6208.051674410
    45 -3115.730824245      3092.322377997     -6208.053202242
    46 -3115.731155541      3092.329474666     -6208.060630207
    47 -3115.731444357      3092.336029805     -6208.067474162
    48 -3115.731696347      3092.345918754     -6208.077615101
    49 -3115.731934691      3092.353206529     -6208.085141220
    50 -3115.732186460      3092.360568668     -6208.092755129
    51 -3115.732487584      3092.365310902     -6208.097798485
    52 -3115.732783838      3092.367718983     -6208.100502821
    53 -3115.733047443      3092.353237747     -6208.086285190
    54 -3115.733300768      3092.342161313     -6208.075462081
    55 -3115.733529618      3092.328710946     -6208.062240564
    56 -3115.733712299      3092.316417904     -6208.050130203
    57 -3115.733860910      3092.316287532     -6208.050148442
    58 -3115.734031168      3092.317282461     -6208.051313629
    59 -3115.734190206      3092.315806049     -6208.049996255
    60 -3115.734368089      3092.318510903     -6208.052878992
    61 -3115.734561544      3092.317983596     -6208.052545141
    62 -3115.734693455      3092.326510056     -6208.061203511
    63 -3115.734817225      3092.327929674     -6208.062746899
    64 -3115.734903426      3092.332049396     -6208.066952822
    65 -3115.734992808      3092.335474559     -6208.070467366
    66 -3115.735056186      3092.334100293     -6208.069156479
    67 -3115.735192033      3092.334928057     -6208.070120090
    68 -3115.735366524      3092.324837171     -6208.060203695
    69 -3115.735486393      3092.325895755     -6208.061382149
    70 -3115.735621179      3092.321288413     -6208.056909592
    71 -3115.735750178      3092.320905992     -6208.056656170
    72 -3115.735880727      3092.313051479     -6208.048932205
    73 -3115.735999170      3092.312141942     -6208.048141112
    74 -3115.736097725      3092.293638321     -6208.029736046
    75 -3115.736181624      3092.297798578     -6208.033980202
    76 -3115.736289443      3092.288758677     -6208.025048120
    77 -3115.736379339      3092.291446079     -6208.027825418
    78 -3115.736457929      3092.285719285     -6208.022177213
    79 -3115.736537669      3092.285790211     -6208.022327880
    80 -3115.736606033      3092.285343204     -6208.021949236
    81 -3115.736695867      3092.288623973     -6208.025319840
    82 -3115.736775593      3092.298869271     -6208.035644864
    83 -3115.736838814      3092.298896468     -6208.035735282
    84 -3115.736930583      3092.309183218     -6208.046113801
    85 -3115.737020332      3092.303982429     -6208.041002761
    86 -3115.737109441      3092.300414864     -6208.037524306
    87 -3115.737197635      3092.291279106     -6208.028476740
    88 -3115.737322133      3092.279598112     -6208.016920245
    89 -3115.737449467      3092.273910623     -6208.011360090
    90 -3115.737526451      3092.270356822     -6208.007883273
    91 -3115.737654766      3092.276930808     -6208.014585574
    92 -3115.737773701      3092.283436310     -6208.021210011
    93 -3115.737825708      3092.288034331     -6208.025860039
    94 -3115.737946074      3092.295262114     -6208.033208189
    95 -3115.738015221      3092.294087372     -6208.032102593
    96 -3115.738085466      3092.296661353     -6208.034746819
    97 -3115.738222971      3092.291195127     -6208.029418098
    98 -3115.738313433      3092.293415186     -6208.031728619
    99 -3115.738435393      3092.298824666     -6208.037260059
   100 -3115.738469946      3092.302937974     -6208.041407920
   101 -3115.738480960      3092.293170470     -6208.031651430
   102 -3115.738558358      3092.306886865     -6208.045445223
   103 -3115.738676547      3092.275678418     -6208.014354965
   104 -3115.738711837      3092.317937883     -6208.056649720
   105 -3115.738745092      3092.315348594     -6208.054093686
   106 -3115.738834298      3092.321278161     -6208.060112459
   107 -3115.738872135      3092.311128625     -6208.050000760
   108 -3115.738962161      3092.315826333     -6208.054788494
   109 -3115.739040596      3092.304558110     -6208.043598706
   110 -3115.739110465      3092.298055262     -6208.037165727
   111 -3115.739178362      3092.289838256     -6208.029016619
   112 -3115.739212710      3092.285077707     -6208.024290417
   113 -3115.739280620      3092.273511599     -6208.012792219
   114 -3115.739358060      3092.270622005     -6208.009980065
   115 -3115.739391599      3092.270988567     -6208.010380166
   116 -3115.739459416      3092.276818689     -6208.016278105
   117 -3115.739492523      3092.279754544     -6208.019247067
   118 -3115.739532316      3092.285925058     -6208.025457374
   119 -3115.739559303      3092.286106359     -6208.025665662
   120 -3115.739598738      3092.288086938     -6208.027685677
   121 -3115.739627925      3092.287705854     -6208.027333780
   122 -3115.739653405      3092.286776555     -6208.026429960
   123 -3115.739694593      3092.285367097     -6208.025061690
   124 -3115.739724601      3092.283850422     -6208.023575023
   125 -3115.739774721      3092.287457877     -6208.027232598
   126 -3115.739792767      3092.286721135     -6208.026513902
   127 -3115.739821362      3092.287903385     -6208.027724747
   128 -3115.739898072      3092.290891273     -6208.030789345
   129 -3115.739922471      3092.289718289     -6208.029640760
   130 -3115.739944622      3092.288572970     -6208.028517591
   131 -3115.740007480      3092.287220418     -6208.027227898
   132 -3115.740053600      3092.275715908     -6208.015769508
   133 -3115.740078494      3092.287954189     -6208.028032683
   134 -3115.740104419      3092.269279044     -6208.009383464
   135 -3115.740134561      3092.269115367     -6208.009249928
   136 -3115.740186319      3092.268091484     -6208.008277803
   137 -3115.740224386      3092.268753967     -6208.008978352
   138 -3115.740267795      3092.271154765     -6208.011422560
   139 -3115.740311156      3092.269949627     -6208.010260783
   140 -3115.740335194      3092.270771167     -6208.011106361
   141 -3115.740349051      3092.269506173     -6208.009855225
   142 -3115.740369403      3092.269674824     -6208.010044226
   143 -3115.740389985      3092.268974811     -6208.009364796
   144 -3115.740412376      3092.268853900     -6208.009266276
   145 -3115.740437827      3092.272246649     -6208.012684475
   146 -3115.740457153      3092.275138668     -6208.015595821
   147 -3115.740481737      3092.279705676     -6208.020187413
   148 -3115.740506216      3092.283188951     -6208.023695167
   149 -3115.740525874      3092.283527790     -6208.024053664
   150 -3115.740534395      3092.284598923     -6208.025133319
   151 -3115.740542533      3092.283826652     -6208.024369186
   152 -3115.740552130      3092.284444067     -6208.024996197
   153 -3115.740559365      3092.285754747     -6208.026314112
   154 -3115.740565785      3092.286162139     -6208.026727924
   155 -3115.740578999      3092.289157296     -6208.029736295
   156 -3115.740585721      3092.289887269     -6208.030472989
   157 -3115.740589564      3092.290735779     -6208.031325342
   158 -3115.740593636      3092.289489451     -6208.030083087
   159 -3115.740600586      3092.286355246     -6208.026955832
   160 -3115.740604348      3092.286258574     -6208.026862922
   161 -3115.740607252      3092.285368028     -6208.025975280
   162 -3115.740612595      3092.286599673     -6208.027212268
   163 -3115.740617209      3092.288095603     -6208.028712812
   164 -3115.740620248      3092.289651451     -6208.030271699
   165 -3115.740623248      3092.291657597     -6208.032280845
   166 -3115.740629223      3092.293586567     -6208.034215790
   167 -3115.740635785      3092.297896617     -6208.038532402
   168 -3115.740637981      3092.296646016     -6208.037283996
   169 -3115.740641150      3092.296718756     -6208.037359905
   170 -3115.740646188      3092.295587621     -6208.036233809
   171 -3115.740650365      3092.293946101     -6208.034596466
   172 -3115.740653353      3092.293015812     -6208.033669165
   173 -3115.740657296      3092.291213990     -6208.031871286
   174 -3115.740659410      3092.290983549     -6208.031642960
   175 -3115.740663983      3092.290346243     -6208.031010226
   176 -3115.740668847      3092.290510127     -6208.031178974
   177 -3115.740672596      3092.289939068     -6208.030611664
   178 -3115.740676243      3092.289299961     -6208.029976204
   179 -3115.740678873      3092.289086777     -6208.029765651
   180 -3115.740683508      3092.287161833     -6208.027845341
   181 -3115.740688760      3092.285993065     -6208.026681825
   182 -3115.740697312      3092.286308149     -6208.027005461
   183 -3115.740703063      3092.286416796     -6208.027119859
   184 -3115.740707632      3092.284999371     -6208.025707003
   185 -3115.740712180      3092.286577556     -6208.027289736
   186 -3115.740716296      3092.285099130     -6208.025815426
   187 -3115.740719516      3092.285189351     -6208.025908867
   188 -3115.740722527      3092.285052344     -6208.025774871
   189 -3115.740725747      3092.285890598     -6208.026616345
   190 -3115.740729516      3092.285758137     -6208.026487653
   191 -3115.740733283      3092.285017387     -6208.025750670
   192 -3115.740735080      3092.284401058     -6208.025136138
   193 -3115.740738264      3092.284093730     -6208.024831994
   194 -3115.740743681      3092.283908623     -6208.024652305
   195 -3115.740745673      3092.285204708     -6208.025950381
   196 -3115.740749309      3092.287154427     -6208.027903737
   197 -3115.740752924      3092.288254673     -6208.029007597
   198 -3115.740755281      3092.289099118     -6208.029854399
   199 -3115.740758593      3092.288361972     -6208.029120565
   200 -3115.740764511      3092.287998563     -6208.028763074
   201 -3115.740768576      3092.285179434     -6208.025948010
   202 -3115.740773662      3092.285297155     -6208.026070817
   203 -3115.740779448      3092.285386830     -6208.026166278
   204 -3115.740783739      3092.286966184     -6208.027749923
   205 -3115.740789879      3092.286084432     -6208.026874311
   206 -3115.740796023      3092.282438121     -6208.023234144
   207 -3115.740798477      3092.277606480     -6208.018404957
   208 -3115.740800045      3092.275236392     -6208.016036436
   209 -3115.740806016      3092.274449317     -6208.015255333
   210 -3115.740810425      3092.276149437     -6208.016959862
   211 -3115.740813912      3092.277965601     -6208.018779514
   212 -3115.740818404      3092.281952826     -6208.022771230
   213 -3115.740820979      3092.283089320     -6208.023910299
   214 -3115.740823881      3092.286055637     -6208.026879518
   215 -3115.740826132      3092.284571983     -6208.025398116
   216 -3115.740829204      3092.284180263     -6208.025009467
   217 -3115.740832583      3092.282337498     -6208.023170081
   218 -3115.740836081      3092.281779808     -6208.022615889
   219 -3115.740839271      3092.282023872     -6208.022863143
   220 -3115.740842988      3092.282725665     -6208.023568652
   221 -3115.740845717      3092.284035333     -6208.024881051
   222 -3115.740847575      3092.284015168     -6208.024862743
   223 -3115.740848584      3092.283350449     -6208.024199033
   224 -3115.740851150      3092.287454030     -6208.028305179
   225 -3115.740852721      3092.281231803     -6208.022084523
   226 -3115.740853300      3092.280620445     -6208.021473745
   227 -3115.740854863      3092.278196525     -6208.019051388
   228 -3115.740855962      3092.278379998     -6208.019235959
   229 -3115.740856645      3092.278306939     -6208.019163585
   230 -3115.740859107      3092.279316858     -6208.020175965
   231 -3115.740862965      3092.280299882     -6208.021162847
   232 -3115.740867636      3092.280947296     -6208.021814932
   233 -3115.740874631      3092.279244267     -6208.020118898
   234 -3115.740880629      3092.278479433     -6208.019360063
   235 -3115.740884669      3092.278305374     -6208.019190043
   236 -3115.740888473      3092.278317034     -6208.019205507
   237 -3115.740892017      3092.280294700     -6208.021186717
   238 -3115.740895481      3092.280276582     -6208.021172063
   239 -3115.740898221      3092.280632467     -6208.021530688
   240 -3115.740904464      3092.280367989     -6208.021272454
   241 -3115.740914495      3092.285112104     -6208.026026600
   242 -3115.740916909      3092.280376288     -6208.021293197
   243 -3115.740920128      3092.278628635     -6208.019548763
   244 -3115.740923821      3092.276740701     -6208.017664522
   245 -3115.740927900      3092.277609553     -6208.018537453
   246 -3115.740932418      3092.279402767     -6208.020335185
   247 -3115.740935837      3092.281030070     -6208.021965907
   248 -3115.740939481      3092.280368526     -6208.021308007
   249 -3115.740943629      3092.277323505     -6208.018267135
   250 -3115.740945762      3092.273232721     -6208.014178483
   251 -3115.740947951      3092.271656152     -6208.012604103
   252 -3115.740951397      3092.275722140     -6208.016673537
   253 -3115.740957720      3092.281620158     -6208.022577878
   254 -3115.740959226      3092.277111473     -6208.018070699
   255 -3115.740960645      3092.275001946     -6208.015962590
   256 -3115.740962965      3092.271853816     -6208.012816781
   257 -3115.740963680      3092.272117542     -6208.013081222
   258 -3115.740965643      3092.275932079     -6208.016897722
   259 -3115.740967093      3092.278583413     -6208.019550505
   260 -3115.740968710      3092.281340158     -6208.022308867
   261 -3115.740969839      3092.280942366     -6208.021912205
   262 -3115.740970036      3092.281326422     -6208.022296458
   263 -3115.740971159      3092.278584333     -6208.019555492
   264 -3115.740972035      3092.275390117     -6208.016362152
   265 -3115.740972206      3092.275490182     -6208.016462387
   266 -3115.740974053      3092.278425858     -6208.019399911
   267 -3115.740976034      3092.282294929     -6208.023270963
   268 -3115.740976988      3092.283681874     -6208.024658862
   269 -3115.740978869      3092.283669975     -6208.024648844
   270 -3115.740981714      3092.279532076     -6208.020513790
   271 -3115.740983524      3092.276463360     -6208.017446884
   272 -3115.740984454      3092.274646015     -6208.015630470
   273 -3115.740986842      3092.275307140     -6208.016293982
   274 -3115.740988814      3092.278677389     -6208.019666203
   275 -3115.740989638      3092.280551722     -6208.021541360
   276 -3115.740991376      3092.283001752     -6208.023993128
   277 -3115.740992564      3092.284137222     -6208.025129785
   278 -3115.740993115      3092.283295488     -6208.024288603
   279 -3115.740996087      3092.281364093     -6208.022360180
   280 -3115.741002854      3092.277222917     -6208.018225771
   281 -3115.741004535      3092.275106639     -6208.016111174
   282 -3115.741013107      3092.283302871     -6208.024315978
   283 -3115.741017891      3092.278519801     -6208.019537692
   284 -3115.741022490      3092.280592191     -6208.021614682
   285 -3115.741026340      3092.280426455     -6208.021452795
   286 -3115.741030669      3092.281477650     -6208.022508319
   287 -3115.741034012      3092.282182436     -6208.023216448
   288 -3115.741042131      3092.286498008     -6208.027540139
   289 -3115.741044579      3092.281364051     -6208.022408630
   290 -3115.741046866      3092.282251360     -6208.023298226
   291 -3115.741056064      3092.289750266     -6208.030806331
   292 -3115.741058398      3092.283379722     -6208.024438119
   293 -3115.741061926      3092.284197998     -6208.025259925
   294 -3115.741066191      3092.285055096     -6208.026121286
   295 -3115.741075720      3092.297127734     -6208.038203454
   296 -3115.741078828      3092.289760176     -6208.030839004
   297 -3115.741080986      3092.282315167     -6208.023396153
   298 -3115.741082138      3092.284547607     -6208.025629745
   299 -3115.741082861      3092.287739182     -6208.028822044
   300 -3115.741085280      3092.293763103     -6208.034848383
   301 -3115.741087627      3092.299684832     -6208.040772460
   302 -3115.741089589      3092.299951843     -6208.041041432
   303 -3115.741094945      3092.297452634     -6208.038547579
   304 -3115.741098710      3092.293878754     -6208.034977464
   305 -3115.741106345      3092.291010402     -6208.032116746
   306 -3115.741116813      3092.289394964     -6208.030511776
   307 -3115.741120395      3092.288107733     -6208.029228128
   308 -3115.741122681      3092.289637096     -6208.030759777
   309 -3115.741125618      3092.292062731     -6208.033188349
   310 -3115.741130504      3092.305555610     -6208.046686114
   311 -3115.741133719      3092.294725153     -6208.035858872
   312 -3115.741139606      3092.288129107     -6208.029268713
   313 -3115.741142575      3092.285767447     -6208.026910022
   314 -3115.741145960      3092.284889015     -6208.026034975
   315 -3115.741152400      3092.292061531     -6208.033213931
   316 -3115.741157563      3092.299085912     -6208.040243475
   317 -3115.741161870      3092.299674509     -6208.040836379
   318 -3115.741166134      3092.296584552     -6208.037750685
   319 -3115.741168868      3092.292184890     -6208.033353758
   320 -3115.741171231      3092.289408596     -6208.030579827
   321 -3115.741175335      3092.287978494     -6208.029153828
   322 -3115.741184087      3092.291661658     -6208.032845746
   323 -3115.741186618      3092.295046043     -6208.036232661
   324 -3115.741189608      3092.296770434     -6208.037960043
   325 -3115.741192621      3092.297802429     -6208.038995050
   326 -3115.741193484      3092.297638428     -6208.038831911
   327 -3115.741194182      3092.297364002     -6208.038558184
   328 -3115.741195932      3092.298684869     -6208.039880801
   329 -3115.741197136      3092.299570674     -6208.040767810
   330 -3115.741198717      3092.299871021     -6208.041069738
   331 -3115.741200156      3092.299388796     -6208.040588952
   332 -3115.741202183      3092.298318104     -6208.039520287
   333 -3115.741206235      3092.297255011     -6208.038461247
   334 -3115.741207979      3092.296614659     -6208.037822638
   335 -3115.741211369      3092.303072022     -6208.044283391
   336 -3115.741213009      3092.300113372     -6208.041326381
   337 -3115.741214987      3092.298245109     -6208.039460096
   338 -3115.741215762      3092.297731481     -6208.038947244
   339 -3115.741216705      3092.296844203     -6208.038060908
   340 -3115.741219134      3092.296711271     -6208.037930404
   341 -3115.741224491      3092.297329654     -6208.038554145
   342 -3115.741227336      3092.295836647     -6208.037063983
   343 -3115.741231918      3092.294044689     -6208.035276607
   344 -3115.741236263      3092.291886530     -6208.033122793
   345 -3115.741238448      3092.292415692     -6208.033654141
   346 -3115.741240887      3092.293168679     -6208.034409566
   347 -3115.741243766      3092.293697138     -6208.034940904
   348 -3115.741246454      3092.293856660     -6208.035103115
   349 -3115.741249544      3092.292650155     -6208.033899699
   350 -3115.741252401      3092.291772407     -6208.033024808
   351 -3115.741253431      3092.290436914     -6208.031690345
   352 -3115.741255464      3092.290069312     -6208.031324776
   353 -3115.741257147      3092.290298253     -6208.031555400
   354 -3115.741258669      3092.291390958     -6208.032649627
   355 -3115.741259706      3092.291925152     -6208.033184858
   356 -3115.741260168      3092.292362593     -6208.033622761
   357 -3115.741261181      3092.293401588     -6208.034662769
   358 -3115.741263147      3092.293526332     -6208.034789479
   359 -3115.741264843      3092.293385042     -6208.034649886
   360 -3115.741266752      3092.292504035     -6208.033770787
   361 -3115.741269105      3092.291198215     -6208.032467320
   362 -3115.741270976      3092.289766426     -6208.031037402
   363 -3115.741271969      3092.288821944     -6208.030093913
   364 -3115.741272577      3092.289188958     -6208.030461535
   365 -3115.741273606      3092.289827128     -6208.031100734
   366 -3115.741275865      3092.291074944     -6208.032350809
   367 -3115.741278087      3092.291424161     -6208.032702248
   368 -3115.741279282      3092.291928703     -6208.033207984
   369 -3115.741281246      3092.290307650     -6208.031588896
   370 -3115.741283206      3092.287028595     -6208.028311802
   371 -3115.741284534      3092.284948743     -6208.026233277
   372 -3115.741286334      3092.284379230     -6208.025665564
   373 -3115.741287474      3092.284513202     -6208.025800676
   374 -3115.741288331      3092.284620053     -6208.025908384
   375 -3115.741290061      3092.286591306     -6208.027881367
   376 -3115.741291164      3092.287272467     -6208.028563631
   377 -3115.741291297      3092.287600519     -6208.028891816
   378 -3115.741292907      3092.291539686     -6208.032832593
   379 -3115.741293917      3092.290472007     -6208.031765924
   380 -3115.741294551      3092.287593157     -6208.028887707
   381 -3115.741294750      3092.284695949     -6208.025990699
   382 -3115.741296089      3092.282405584     -6208.023701673
   383 -3115.741296878      3092.281435579     -6208.022732457
   384 -3115.741298414      3092.282212830     -6208.023511244
   385 -3115.741300496      3092.283897459     -6208.025197954
   386 -3115.741302241      3092.284851466     -6208.026153707
   387 -3115.741304791      3092.284969504     -6208.026274295
   388 -3115.741306475      3092.284550311     -6208.025856787
   389 -3115.741307411      3092.283633244     -6208.024940655
   390 -3115.741309018      3092.284679290     -6208.025988308
   391 -3115.741309694      3092.284279917     -6208.025589611
   392 -3115.741310300      3092.284509737     -6208.025820037
   393 -3115.741310690      3092.284896215     -6208.026206905
   394 -3115.741310970      3092.285164472     -6208.026475442
   395 -3115.741312030      3092.285888054     -6208.027200084
   396 -3115.741313139      3092.285887888     -6208.027201027
   397 -3115.741314085      3092.286729673     -6208.028043758
   398 -3115.741316128      3092.286706184     -6208.028022311
   399 -3115.741317277      3092.286938218     -6208.028255496
   400 -3115.741318324      3092.286946570     -6208.028264894
   401 -3115.741319077      3092.287246228     -6208.028565305
   402 -3115.741319580      3092.286355770     -6208.027675350
   403 -3115.741320548      3092.285267867     -6208.026588415
   404 -3115.741321276      3092.284509085     -6208.025830360
   405 -3115.741321932      3092.283346081     -6208.024668012
   406 -3115.741324719      3092.283818461     -6208.025143179
   407 -3115.741325594      3092.284239530     -6208.025565124
   408 -3115.741325365      3092.281903364     -6208.023228730
   409 -3115.741326676      3092.281820385     -6208.023147061
   410 -3115.741327853      3092.281433215     -6208.022761068
   411 -3115.741328677      3092.281917872     -6208.023246549
   412 -3115.741329722      3092.282084299     -6208.023414021
   413 -3115.741331854      3092.282638394     -6208.023970247
   414 -3115.741332651      3092.281765104     -6208.023097755
   415 -3115.741334242      3092.279626221     -6208.020960463
   416 -3115.741334958      3092.280069689     -6208.021404647
   417 -3115.741336338      3092.282186126     -6208.023522464
   418 -3115.741336806      3092.283389004     -6208.024725809
   419 -3115.741337911      3092.284399640     -6208.025737551
   420 -3115.741338973      3092.284114294     -6208.025453267
   421 -3115.741339006      3092.283149154     -6208.024488160
   422 -3115.741338951      3092.281734574     -6208.023073525
   423 -3115.741339078      3092.280860755     -6208.022199833
   424 -3115.741339472      3092.280439843     -6208.021779316
   425 -3115.741339873      3092.281220273     -6208.022560146
   426 -3115.741340188      3092.281903558     -6208.023243746
   427 -3115.741339966      3092.283457130     -6208.024797096
   428 -3115.741340346      3092.282875201     -6208.024215547
   429 -3115.741340971      3092.282197792     -6208.023538763
   430 -3115.741341286      3092.281396098     -6208.022737383
   431 -3115.741341427      3092.280284961     -6208.021626388
   432 -3115.741341666      3092.280308920     -6208.021650586
   433 -3115.741342153      3092.280975388     -6208.022317541
   434 -3115.741342205      3092.281267098     -6208.022609303
   435 -3115.741341847      3092.282724116     -6208.024065963
   436 -3115.741342427      3092.284900695     -6208.026243122
   437 -3115.741342655      3092.284494296     -6208.025836951
   438 -3115.741342809      3092.283946017     -6208.025288826
   439 -3115.741342827      3092.282801622     -6208.024144449
   440 -3115.741343219      3092.282092451     -6208.023435670
   441 -3115.741344660      3092.281900263     -6208.023244923
   442 -3115.741345698      3092.282409774     -6208.023755471
   443 -3115.741346633      3092.281911053     -6208.023257686
   444 -3115.741346644      3092.283235288     -6208.024581931
   445 -3115.741346696      3092.284124193     -6208.025470889
   446 -3115.741347005      3092.284762428     -6208.026109433
   447 -3115.741348264      3092.285209898     -6208.026558162
   448 -3115.741349621      3092.284954610     -6208.026304231
   449 -3115.741350528      3092.284275179     -6208.025625707
   450 -3115.741351216      3092.283580982     -6208.024932199
   451 -3115.741351019      3092.283208106     -6208.024559126
   452 -3115.741350701      3092.282857039     -6208.024207741
   453 -3115.741349774      3092.281914622     -6208.023264396
   454 -3115.741349230      3092.281756138     -6208.023105368
   455 -3115.741349259      3092.281527148     -6208.022876407
   456 -3115.741349027      3092.281842706     -6208.023191733
   457 -3115.741348410      3092.282456320     -6208.023804731
   458 -3115.741348665      3092.283493562     -6208.024842227
   459 -3115.741348071      3092.283185301     -6208.024533371
   460 -3115.741347526      3092.283488875     -6208.024836401
   461 -3115.741347099      3092.283506670     -6208.024853768
   462 -3115.741347654      3092.283344020     -6208.024691674
   463 -3115.741347418      3092.282830184     -6208.024177602
   464 -3115.741347009      3092.282128813     -6208.023475822
   465 -3115.741345605      3092.281603925     -6208.022949530
   466 -3115.741346547      3092.282932875     -6208.024279422
   467 -3115.741346656      3092.283803933     -6208.025150589
   468 -3115.741347356      3092.284755438     -6208.026102794
   469 -3115.741348250      3092.284813313     -6208.026161564
   470 -3115.741348351      3092.283876108     -6208.025224459
   471 -3115.741347355      3092.280830743     -6208.022178098
   472 -3115.741346795      3092.279593088     -6208.020939884
   473 -3115.741346245      3092.280232500     -6208.021578745
   474 -3115.741348459      3092.284758591     -6208.026107051
   475 -3115.741349140      3092.283230322     -6208.024579462
   476 -3115.741349188      3092.281504066     -6208.022853255
   477 -3115.741348577      3092.280494016     -6208.021842593
   478 -3115.741349204      3092.281673025     -6208.023022229
   479 -3115.741348920      3092.282893952     -6208.024242872
   480 -3115.741349174      3092.284229332     -6208.025578506
   481 -3115.741348955      3092.284628567     -6208.025977522
   482 -3115.741349085      3092.284732420     -6208.026081505
   483 -3115.741348692      3092.283403176     -6208.024751869
   484 -3115.741348927      3092.284454898     -6208.025803824
   485 -3115.741349227      3092.283799727     -6208.025148954
   486 -3115.741349653      3092.284156964     -6208.025506616
   487 -3115.741350225      3092.284708597     -6208.026058822
   488 -3115.741350789      3092.286044450     -6208.027395239
   489 -3115.741351267      3092.286638464     -6208.027989731
   490 -3115.741351263      3092.286612441     -6208.027963704
   491 -3115.741351289      3092.286123582     -6208.027474871
   492 -3115.741351193      3092.285877870     -6208.027229063
   493 -3115.741351083      3092.285499298     -6208.026850381
   494 -3115.741350941      3092.285434447     -6208.026785388
   495 -3115.741350809      3092.285709867     -6208.027060676
   496 -3115.741350600      3092.286512035     -6208.027862634
   497 -3115.741351325      3092.288352659     -6208.029703983
   498 -3115.741351548      3092.287667491     -6208.029019039
   499 -3115.741351486      3092.287007099     -6208.028358585
   500 -3115.741350637      3092.286503317     -6208.027853955
   501 -3115.741349843      3092.286680099     -6208.028029942
   502 -3115.741348397      3092.286240990     -6208.027589386
   503 -3115.741347851      3092.286208640     -6208.027556491
   504 -3115.741347669      3092.286556639     -6208.027904308
   505 -3115.741348205      3092.286787097     -6208.028135302
   506 -3115.741348697      3092.286284980     -6208.027633677
   507 -3115.741349016      3092.286097303     -6208.027446320
   508 -3115.741350153      3092.285005155     -6208.026355309
   509 -3115.741350658      3092.284697362     -6208.026048020
   510 -3115.741350671      3092.285246188     -6208.026596859
   511 -3115.741350456      3092.285825077     -6208.027175533
   512 -3115.741350588      3092.286204923     -6208.027555512
   513 -3115.741350425      3092.286223726     -6208.027574151
   514 -3115.741350171      3092.285961393     -6208.027311564
   515 -3115.741349656      3092.285773929     -6208.027123585
   516 -3115.741348930      3092.285826120     -6208.027175050
   517 -3115.741349617      3092.285532290     -6208.026881906
   518 -3115.741349528      3092.285548352     -6208.026897880
   519 -3115.741348759      3092.286112970     -6208.027461729
   520 -3115.741348272      3092.286327074     -6208.027675347
   521 -3115.741347148      3092.286513925     -6208.027861073
   522 -3115.741345554      3092.286297143     -6208.027642697
   523 -3115.741343466      3092.285878701     -6208.027222168
   524 -3115.741344706      3092.285512045     -6208.026856751
   525 -3115.741344489      3092.285532838     -6208.026877327
   526 -3115.741344341      3092.285610687     -6208.026955027
   527 -3115.741343961      3092.285312303     -6208.026656264
   528 -3115.741342674      3092.285021948     -6208.026364622
   529 -3115.741342169      3092.284809363     -6208.026151532
   530 -3115.741338058      3092.283792288     -6208.025130346
   531 -3115.741340061      3092.285217524     -6208.026557585
   532 -3115.741339908      3092.285966237     -6208.027306145
   533 -3115.741338803      3092.286910046     -6208.028248849
   534 -3115.741337911      3092.287818659     -6208.029156570
   535 -3115.741337463      3092.288105031     -6208.029442494
   536 -3115.741337709      3092.288198445     -6208.029536154
   537 -3115.741337703      3092.287347756     -6208.028685459
   538 -3115.741337925      3092.287177764     -6208.028515689
$end
