80

C         -9.15698       -1.12908       13.33650
C         -8.82220        1.18253       12.81758
C         -9.31906        2.39801       12.53389
C         -7.49179        1.07516       12.65620
C         -8.54791        3.42847       12.15337
C         -6.72995        2.11255       12.27130
C          5.62657        0.75475        3.39770
C         -7.20453        3.35607       12.02038
C         -7.69000        6.07441       12.61311
C         -8.01852        7.37160       12.71587
C          4.34783        0.40486        3.64794
C         -7.18834       10.63100       11.36913
C          3.50024        0.91251        4.56332
C         -6.77692        5.59371       11.73970
C         -7.46048        8.32636       11.95322
C         -5.30490        4.03686       11.15015
C          2.32375        0.27683        4.41883
C         -6.20425        6.57593       11.00512
C         -6.52809        7.87664       11.09537
C          1.20572        0.57133        5.10884
C          2.48683       -0.78617        3.34817
C         -3.71648        3.33439        9.68130
C          0.77926       -1.47678        1.61911
C         -4.16196        4.73142       11.29738
C         -2.99348        2.68511        8.75035
C          1.58290       -0.53436        2.14769
C         -3.20492        4.27561       10.48563
C         -0.00506       -1.21760        0.56093
C         -0.00000       -0.00000        4.93215
C         -3.44219        1.73724        7.90348
C         -1.13263        0.28010        5.60300
C         -2.72041        1.08338        6.97431
C          1.57588        0.68039        1.56489
C          0.00000        0.00000        0.00000
C          0.79686        0.95155        0.50645
C         -2.29984       -0.33267        5.35485
C         -3.24379        0.14551        6.17009
O         -9.67539        0.17290       13.19157
C          6.29625        0.14280        2.43525
C          6.29344        1.68701        4.05077
C          3.71016        1.89096        5.41723
N         -6.45147        4.34306       11.64416
O         -7.84454        9.63490       12.11875
S         -5.14767        3.16852        9.96334
O          3.82823       -0.47709        2.95742
S         -1.29108        1.26540        6.68206
N          6.89752       -0.37746        1.59083
N          6.89224        2.50412        4.61500
N          3.89182        2.75665        6.16590
C          2.55813       -2.16435        3.91585
F          1.42481       -2.58159        4.40072
F          3.41490       -2.20697        4.89980
F          2.95511       -3.04168        3.03621
H        -10.00200       -1.80432       13.59953
H         -8.71639       -1.47880       12.37615
H         -8.41746       -1.16140       14.16741
H        -10.41254        2.54100       12.59387
H         -6.98192        0.11778       12.85182
H         -9.11763        4.32852       11.87072
H         -5.65170        1.88048       12.23017
H         -8.16947        5.43385       13.37111
H         -8.75982        7.67792       13.47507
H         -7.62125       11.61497       11.65830
H         -6.10196       10.64386       11.61049
H         -7.36926       10.47915       10.28167
H         -5.46217        6.35876       10.21885
H         -6.00594        8.57625       10.42245
H          1.29075        1.36612        5.86824
H          0.73640       -2.49089        2.04349
H         -3.99444        5.54275       12.02206
H         -1.92816        2.97094        8.69535
H         -2.16886        4.64302       10.47875
H         -0.65727       -2.00678        0.15004
H         -0.09255       -0.77330        4.15374
H         -4.50724        1.45083        7.96240
H          2.21937        1.48595        1.95533
H         -0.64321        0.21612       -0.86907
H          0.81075        1.95652        0.05210
H         -2.47316       -1.11288        4.59971
H         -4.28951       -0.19432        6.16751