39
Coordinates from ORCA-job NC_OMe_3
  C   -7.21786172758852      3.47852249699894     -0.22512954653017
  C   -5.95352378654014      4.10535325456089     -0.18644315389363
  C   -4.77662990530069      3.37931360506983     -0.12656596141821
  C   -4.79874883830775      1.97018137936223     -0.10037564827110
  C   -3.59577522256062      1.19723265897158     -0.02157064562825
  C   -3.62669461066894     -0.16801410601343      0.00504194350237
  C   -4.86336088024094     -0.89789004930977     -0.05396446302269
  C   -4.90897269862071     -2.32684502553394     -0.03644444488163
  C   -6.17256320933108     -2.95402910596111     -0.08416678258955
  C   -7.35390738883453     -2.22854136143219     -0.13124223649630
  C   -7.33983539385976     -0.82143793568991     -0.15328098417166
  C   -8.54210697429078     -0.04795240114785     -0.22732643058033
  C   -8.51557897504613      1.31719237596348     -0.25621244117989
  C   -7.27816562329223      2.04885570834367     -0.20312571594103
  C   -6.05665114218502      1.29203184227641     -0.14048338432769
  C   -6.08344201499754     -0.14305758127281     -0.11728449545062
  C   -8.43663283868994      4.28289574863176     -0.27055060011168
  C   -3.68156659598767     -3.12511658841057      0.01545277501824
  C   -8.52574442032226      5.60523020344052     -0.56350424547674
  C   -3.59268856818077     -4.38319565192385      0.49372060665053
  C   -9.76504904106699      6.30977995628677     -0.55351787259855
  O   -2.43649585341003     -5.07529213301415      0.45085040190759
  C   -2.40560177687630     -6.30975002052252      1.14072232682216
  N   -10.76702328428463      6.90130410398197     -0.55445240565850
  H   -5.89840525233203      5.19570981686636     -0.17571965984537
  H   -3.81509034541702      3.89790357606166     -0.08553562792956
  H   -2.63964700759028      1.72590028376440      0.02301667620864
  H   -2.68689663310005     -0.71517858732165      0.08137618896436
  H   -6.22265668736203     -4.04449557259445     -0.11987575698007
  H   -8.31320954927522     -2.75186247710099     -0.17554809125653
  H   -9.49907309580263     -0.57603436988417     -0.26617347053922
  H   -9.46083398084894      1.85469559599372     -0.32900556562132
  H   -9.37598033569725      3.77591681855666     -0.04054368480687
  H   -2.75126427346431     -2.68876185428737     -0.35562952297079
  H   -7.64714810350928      6.19716861984068     -0.83643885890294
  H   -4.44753065035847     -4.90558181126162      0.94343648479235
  H   -1.42190267572620     -6.76031600523268      0.95174913922049
  H   -2.53125186241416     -6.16990303279977      2.22991481995414
  H   -3.18928577661806     -6.99876937425676      0.77541633403998