$coord
   -3.36595242250044      7.00398815879268     -0.23076581454074      c
   -0.98564081245010      8.21069442033358     -0.35336190729413      c
    1.25128066251497      6.86375006629980     -0.31434502699475      c
    1.23719798383375      4.20131336094643     -0.14303542953320      c
    3.52655627052146      2.76480253663105     -0.12373216227437      c
    3.49551593160926      0.18690013727906      0.04818482488675      c
    1.18011379617020     -1.21229420568856      0.23591983081697      c
    1.13402115066129     -3.91435723161819      0.44317683813118      c
   -1.25400724968315     -5.10898657401434      0.56575335031413      c
   -3.49825945639086     -3.76385193521386      0.46997714657721      c
   -3.50550688102531     -1.10861648509098      0.28808263495849      c
   -5.79333698237684      0.32640249838384      0.23294185995851      c
   -5.77688486152535      2.90433837237589      0.07208493952320      c
   -3.45352211729640      4.30298262465120     -0.05555764036966      c
   -1.12528636240598      2.89750326185667     -0.00512912130050      c
   -1.14302759623444      0.19028625582595      0.17674742326509      c
   -5.67930097225943      8.48623283543007     -0.28481018144044      c
    3.46304206029450     -5.38914137757381      0.55111678928774      c
   -5.89513919650858     11.02096470460378     -0.43129783789343      c
    3.63155485292565     -7.89279024588916     -0.04202657817036      c
    5.70373259327789     -9.42080350487290      0.20539404855770      n
    5.83527610384509    -11.76938075839759     -1.20070665934658      c
    8.05085431866773     -8.40470002180169      1.17170070735273      c
   -8.37284630519805     12.19942105208435     -0.46617697332924      n
   -8.38639420217278     14.51383936432269     -0.59688546793301      o
  -10.27043052546938     10.87542765904293     -0.36694688113123      o
   -0.90352497105427     10.26781025869326     -0.48765261760914      h
    3.06031799816234      7.85568588147599     -0.41921851740929      h
    5.32372665203724      3.77466522851380     -0.26536860738710      h
    5.28817212614406     -0.82789481127742      0.01606742842966      h
   -1.34046705668403     -7.15599696587721      0.81301079494525      h
   -5.30242132366187     -4.76610790937182      0.58484507772892      h
   -7.59296109156909     -0.68617058558774      0.32425657654984      h
   -7.57835796312657      3.90055936900504      0.03863571671687      h
   -7.49034652953431      7.50384014849680     -0.20073567335630      h
    5.17674238540069     -4.40609513835535      1.13385828933178      h
   -4.39331289418085     12.42079810031698     -0.53331019821313      h
    1.97856568718110     -8.87595855397023     -0.80429421224707      h
    3.91686221630639    -12.47758155430682     -1.57416844952290      h
    6.80891784405054    -11.55506711505665     -3.04399541602884      h
    6.85545329404835    -13.21718326005786     -0.10349818406711      h
    9.35733898541083     -9.96194803531339      1.60463570279023      h
    8.99517738737918     -7.11957896464009     -0.18846843482576      h
    7.70760169500035     -7.33751836201988      2.92620952716041      h
$user-defined bonds
$end
