44
Coordinates from ORCA-job pyrene_deriv_p1_reopt_freq
  C   -1.78118531497098      3.70635091906755     -0.12211601011043
  C   -0.52157865608451      4.34491237292895     -0.18699106854127
  C   0.66214921104653      3.63214011641981     -0.16634422464631
  C   0.65469697841996      2.22323928647514     -0.07569108966069
  C   1.86617321132703      1.46307049503196     -0.06547624053135
  C   1.84974737135599      0.09890329336272      0.02549831124142
  C   0.62448932720550     -0.64151846656014      0.12484339806843
  C   0.60009814961195     -2.07138864230570      0.23451908313907
  C   -0.66359205883947     -2.70355926577778      0.29938377997826
  C   -1.85119918214796     -1.99174466932833      0.24870119561388
  C   -1.85503435410225     -0.58665457954153      0.15244676527692
  C   -3.06570190615538      0.17272476372653      0.12326752375540
  C   -3.05699581872975      1.53690967941243      0.03814570724500
  C   -1.82752520182273      2.27704034387699     -0.02939983717517
  C   -0.59547589872518      1.53329269469166     -0.00271421410418
  C   -0.60486415536050      0.10069515013115      0.09353070847771
  C   -3.00535664837894      4.49072102292634     -0.15071505745143
  C   1.83256293870642     -2.85181080334646      0.29163844543710
  C   -3.11957331789336      5.83204336384263     -0.22823298692494
  C   1.92173606831245     -4.17668472856203     -0.02223950741999
  N   3.01828530544733     -4.98527452317385      0.10868984975184
  C   3.08789513348167     -6.22808808378427     -0.63538660110568
  C   4.26032863373896     -4.44757571601340      0.62003731232999
  N   -4.43071945510419      6.45565560697334     -0.24669023053357
  O   -4.43788869343888      7.68039303430645     -0.31585818714932
  O   -5.43487778024092      5.75502847598968     -0.19417992710658
  H   -0.47812482416371      5.43349119477651     -0.25805465207595
  H   1.61945054274380      4.15704994448954     -0.22184088580154
  H   2.81719482133503      1.99746681771747     -0.14042701951832
  H   2.79838017648790     -0.43810306715285      0.00850251696279
  H   -0.70934461836341     -3.78679051563323      0.43022678490316
  H   -2.80592052708798     -2.52211569034411      0.30948668704294
  H   -4.01802197293153     -0.36310583668500      0.17158919079560
  H   -4.01029433015186      2.06408712785165      0.02044514081347
  H   -3.96372068519593      3.97086120084349     -0.10622474375542
  H   2.73941409706968     -2.33160513628815      0.60001196710784
  H   -2.32484106396681      6.57280329591502     -0.28221560323655
  H   1.04701187193087     -4.69695499168059     -0.42561416798233
  H   2.07271422311636     -6.60285180572280     -0.83301406961003
  H   3.60312415398233     -6.11467818774265     -1.61081300425566
  H   3.62774965362029     -6.99423217355124     -0.05476888037816
  H   4.95169054577361     -5.27163587648776      0.84913664571791
  H   4.76004288143105     -3.76751893931191     -0.09973320068435
  H   4.07868716771152     -3.88284750176323      1.54848339610053