$coord
    0.30210276766681     -3.38629397313270      3.18114681682423      c
   -0.07889795542925      0.88169632098069      4.57272922972406      c
   -0.01765136481229      0.20288402030162      7.05626607318972      c
    0.37618985832799     -4.21790650468721      5.75311566196310      c
    0.21184699131072     -2.38287415636865      7.83980548391465      c
    0.27557346952103     -3.10916714873723     10.37559117602748      c
    0.13597297562610     -1.49786571240932     12.49879882150175      c
   -0.25221399797669      2.87870673304417     21.96317672139972      c
    0.00193583544207      0.01264321263681     21.78938408992365      c
    0.08248881301126     -0.91626130152622     24.25194062703588      c
   -0.10449826421217      1.18321157279536     25.98832587014196      c
   -0.11622495967853      1.27266232582236     28.60469269674324      c
   -0.00210288723148      0.00808670500511     -0.03706282053706      c
    0.07099171926904     -0.80995778194720      2.62482977607781      n
    2.04289371825984      4.31186066404181     20.92892205448754      c
   -2.76468519402695      3.88424587765699     20.92889597626702      c
   -0.29308934097018      3.33995694369381     24.67899189709034      o
    0.31316446850992     -3.52334522648551     24.85523569232266      c
    0.07444670554269     -0.93546413148683     30.14253424251073      c
   -0.33088972161369      3.65986376604379     29.85193159214794      c
    0.50534035572635     -5.68984196213226     25.16633185558918      n
    0.22363302417740     -2.68067080511527     31.46973293045411      n
   -0.50541065353819      5.58851295760370     30.89072840477328      n
    0.20669351919626     -2.31917432329670     14.98029400486237      c
    0.06534578452650     -0.68553462342220     17.09365164188464      c
    0.13438484979096     -1.49158142818188     19.57723667336648      c
   -0.25539024964696      2.83993484420000     -0.47798505829149      c
    0.46386691441441     -5.18297962098513      1.21053871331096      c
    0.69395335330741     -7.74432064639911      1.73564579327351      c
    0.76930656047209     -8.58615092710948      4.24403933829205      c
    0.61219945478601     -6.84030684885920      6.19331602433793      c
   -0.25500077709268      2.85971366268339      4.04343678434069      h
   -0.15108832797914      1.70949614110616      8.45226836652244      h
    0.45062900496619     -5.11757166446914     10.81069891546905      h
   -0.04020222254790      0.54432521670477     12.19712974598054      h
    1.73655664126558     -0.67206843505812     -0.96561055440776      h
   -1.59251264536120     -0.96961204947666     -0.96557521652923      h
    2.16956791854449      4.13882524582387     18.86270363564406      h
    1.87731931672715      6.32510911474896     21.42165170086642      h
    3.79908348012460      3.57200624111246     21.75891357897235      h
   -2.85872382413931      3.69197153570946     18.86247290008424      h
   -4.36300345598823      2.84645345446689     21.75934783803579      h
   -2.95725962448306      5.89516920934041     21.42141151667598      h
    0.38181141560353     -4.35087859522740     15.34775295054936      h
   -0.10903908711703      1.33557716666214     16.68084550530284      h
    0.31135770136217     -3.52739283087184     19.90971697745927      h
   -0.28519727775591      3.17115148843324     -2.53085539665368      h
   -2.02269122317930      3.61355281482542      0.29996662125553      h
    1.34703930047105      3.91547360186643      0.29902213613845      h
    0.41081757778086     -4.58747438472929     -0.75628691439125      h
    0.81542003531043     -9.09330787655943      0.17655994641297      h
    0.95017848395623    -10.59771223033257      4.66954008806125      h
    0.67423746270397     -7.52631730531958      8.13338124038932      h
$user-defined bonds
$end
