$coord
    3.97422291940969     -1.00418421098146      0.42799783387028      c
    4.52535511858798      4.41455008240748      4.23584945424053      c
    1.73023815299528      0.76070830660504      0.91652945366331      c
    3.23685329736162      2.01066425023173      5.20770479759974      c
   -1.19816100719466      0.61120149041960      4.58622263014434      c
   -1.55866991814051      0.02272263384034      7.17979614714822      c
   -3.41005501147852      0.65544848276465      3.05415325282451      c
   -5.77852926580491      0.14390226644503      4.04303748521055      c
   -3.94600647377984     -0.46936715127275      8.14855177274520      c
   -6.13934487930078     -0.43679980021356      6.62732167550362      c
   -8.58091203937418     -0.97224368207781      7.74962246201436      c
  -10.86418175527560     -1.08776188418574      6.56338732741960      c
  -13.26049621076042     -1.60242010148739      7.73190968110302      c
  -15.59009577514146     -1.76884733642012      6.49520846548707      c
  -17.62063106249147     -2.29496806547592      8.11720140531027      c
  -16.92347840285506     -2.54562984241384     10.65145169494684      c
  -18.57754490830109     -3.06695822601759     12.71051863424429      c
  -17.91798778299628     -3.30589689796878     15.21025742258465      c
  -23.90389672755329     -1.86671814214061     16.37966927035493      c
  -19.56828900913899     -3.81939425651208     17.27255881711701      c
  -18.81115077312859     -4.04136469964503     19.77454373392911      c
  -22.42139335470150     -4.22053246810999     17.18977029354238      c
  -23.22058404410842     -6.60283932869603     15.74774239763611      c
  -21.01426737750879     -4.56441405683048     21.31412987485486      c
  -21.27063140302777     -4.94193730591200     23.88797087166540      c
    1.16939691893389      1.13231236654640      3.59749184351961      n
  -13.64556324653145     -2.10897007090611     10.97829796957166      s
  -16.26594479628450     -3.78177680135744     20.59823453356919      c
  -23.06025325462635     -4.66525985838897     19.83296820755155      o
  -19.18007255580866     -4.86412896656621     25.59251611929765      c
  -23.71979904157442     -5.43351686497144     24.92012151751042      c
  -14.14059004398744     -3.53996574569682     21.09647254262875      n
  -17.53503950815618     -4.81798090973979     27.04813416960178      n
  -25.70161718943157     -5.83443492347583     25.77933406603293      n
    4.18242066060115     -1.31609144470067     -1.62009433198579      h
    5.77594487635687     -0.22776056397881      1.11961000548189      h
    3.67731954420218     -2.85394508471536      1.33628562498626      h
    5.93852916424256      5.05521901715143      5.62380623859766      h
    5.51988339599044      4.12602083954863      2.43183091313410      h
    3.13898343650419      5.94555497700130      3.97273646084006      h
    0.05913765626188     -0.07169545327785      0.01847037211470      h
    2.05416763534674      2.59367102687191     -0.03599663705755      h
    2.45551182709224      2.42237604641476      7.08242063864499      h
    4.66429723190109      0.50623041673105      5.48499886275723      h
    0.05925708695295     -0.11560645231794      8.44735016531049      h
   -3.27658497810449      1.17627268743835      1.06535124412857      h
   -7.40423098212030      0.24359193356047      2.77378668196098      h
   -4.12567501966783     -0.93411184347205     10.15526895202043      h
   -8.53781437845812     -1.32041457115598      9.79260084000458      h
  -10.97378889406569     -0.77506568980950      4.52152672243210      h
  -15.77021993399809     -1.51074684156522      4.45701166150999      h
  -19.57719774500832     -2.49583366930383      7.49232774637900      h
  -20.55623688223028     -3.28023970842951     12.15261951478633      h
  -15.92499303894764     -3.08386107031192     15.72301967766547      h
  -23.60674371952472     -1.44327454823068     14.36797927678275      h
  -25.93262770439951     -2.19187991489795     16.69857075840660      h
  -23.31710898688296     -0.21375807134056     17.49522392357338      h
  -22.89324946425300     -6.39480939518444     13.70714129511067      h
  -22.15574434884179     -8.25624461897105     16.42105559529252      h
  -25.24622739743961     -6.94784908391292     16.06504498841374      h
$user-defined bonds
$end
