60
Energy =
C     2.1030682   -0.5313914    0.2264867 
C     2.3947148    2.3360793    2.2415150 
C     0.9156026    0.4025495    0.4850065 
C     1.7128690    1.0639977    2.7557987 
C    -0.6340395    0.3234339    2.4269245 
C    -0.8248126    0.0120243    3.7993845 
C    -1.8045234    0.3468484    1.6161883 
C    -3.0578660    0.0761498    2.1394833 
C    -2.0881367   -0.2483784    4.3120279 
C    -3.2488014   -0.2311445    3.5070276 
C    -4.5408231   -0.5144892    4.1009236 
C    -5.7490774   -0.5756188    3.4731950 
C    -7.0171524   -0.8479642    4.0915504 
C    -8.2499234   -0.9360337    3.4371163 
C    -9.3244364   -1.2144448    4.2954380 
C    -8.9555191   -1.3470893    5.6365055 
C    -9.8308134   -1.6229644    6.7261168 
C    -9.4817908   -1.7494053    8.0489216 
C   -12.6493974   -0.9878247    8.6677477 
C   -10.3550926   -2.0211364    9.1402445 
C    -9.9544323   -2.1385981   10.4642379 
C   -11.8648904   -2.2334096    9.0964347 
C   -12.2878039   -3.4940721    8.3333464 
C   -11.1202714   -2.4153839   11.2789518 
C   -11.2559334   -2.6151606   12.6409698 
N     0.6188182    0.5991939    1.9037107 
S    -7.2209211   -1.1160189    5.8094651 
C    -8.6075673   -2.0012301   10.9001163 
O   -12.2029605   -2.4687492   10.4951548 
C   -10.1496573   -2.5739862   13.5429763 
C   -12.5519771   -2.8752933   13.1871604 
N    -7.4828780   -1.8732692   11.1637725 
N    -9.2791433   -2.5495657   14.3132562 
N   -13.6007101   -3.0874500   13.6418361 
H     2.2132417   -0.6964456   -0.8573170 
H     3.0564984   -0.1205257    0.5924721 
H     1.9459537   -1.5102427    0.7071319 
H     3.1425343    2.6751067    2.9759901 
H     2.9209965    2.1833962    1.2868695 
H     1.6610785    3.1462522    2.1022816 
H     0.0312943   -0.0379396    0.0097741 
H     1.0870187    1.3725116   -0.0190486 
H     1.2994009    1.2818662    3.7478556 
H     2.4682398    0.2678856    2.9025364 
H     0.0313575   -0.0611763    4.4701452 
H    -1.7338941    0.6224567    0.5637596 
H    -3.9181503    0.1289033    1.4678247 
H    -2.1832132   -0.4943107    5.3739369 
H    -4.5180168   -0.6987333    5.1820212 
H    -5.8070790   -0.4101471    2.3926889 
H    -8.3452410   -0.7994528    2.3585490 
H   -10.3598069   -1.3207383    3.9647691 
H   -10.8778921   -1.7358281    6.4308893 
H    -8.4271434   -1.6319090    8.3202637 
H   -12.4921508   -0.7637480    7.6032072 
H   -13.7229556   -1.1598929    8.8365031 
H   -12.3388827   -0.1131159    9.2580738 
H   -12.1145859   -3.3839874    7.2535068 
H   -11.7243150   -4.3690165    8.6896484 
H   -13.3597282   -3.6766434    8.5012557 