$coord
  -13.62433634293734      5.45160073227841     -0.36696129794755      c
  -11.24620094961631      6.66019304228407     -0.37253500676299      c
   -9.00702350510412      5.31277111481883     -0.25730430290638      c
   -9.02183829871047      2.65248133802355     -0.12601719587366      c
   -6.73204808959056      1.21784482155931      0.02736515693401      c
   -6.76465103329263     -1.35969118802701      0.15711785473438      c
   -9.09019778885973     -2.76265365925162      0.12851058683093      c
   -9.14961718672330     -5.46045966334793      0.24526274502288      c
  -11.52589010157331     -6.67028254773985      0.23274308269996      c
  -13.77370557800358     -5.32365652199339      0.14245596565119      c
  -13.77384096480393     -2.66736053183249      0.01971672397204      c
  -16.06223732094923     -1.23124708517497     -0.12427988782180      c
  -16.03768728620467      1.34583437027251     -0.25829484468658      c
  -13.71107629190414      2.75194250563169     -0.24108988009568      c
  -11.38742724555750      1.34749163742013     -0.12051653524985      c
  -11.41130491882706     -1.36203003671172      0.00643269965440      c
  -15.94377140914244      6.94719672009864     -0.45716195726408      c
   -6.81307122866963     -6.94607894959479      0.34588646285103      c
  -16.14740642624540      9.42045236602374     -1.10368631245822      c
   -6.60140246073226     -9.27520782328549      1.35106863960184      c
  -18.50139956818996     10.73134211252455     -1.07901413475270      c
   -4.39268258192765    -10.56672244809501      1.29116401080220      o
  -20.40535268419973     11.83101178456318     -1.07643583455124      n
  -11.16261305358030      8.72131829173772     -0.41550501350192      h
   -7.19864750921233      6.31155893401587     -0.24144941073795      h
   -4.93384538876324      2.23554930430231      0.04961787917470      h
   -4.97703368406362     -2.37348381268200      0.30213097679493      h
  -11.60105522365279     -8.73303682145890      0.22815390446226      h
  -15.57779949415130     -6.33165158079436      0.12069099339689      h
  -17.86198374450007     -2.24728313861416     -0.13547808731526      h
  -17.83552829319433      2.34101869798231     -0.39599880029432      h
  -17.69897585965765      5.99163776213980      0.05714201469840      h
   -5.08181602753299     -6.13837289739314     -0.43884809932816      h
  -14.51051959252100     10.53152363902360     -1.70388430663373      h
   -8.19402903032967    -10.22409159233238      2.27808803630668      h
   -4.55986054169972    -12.12585516865134      2.22055149771473      h
$user-defined bonds
$end
