36
Coordinates from ORCA-job NC_OH_4
  C   -7.20968830635996      2.88486287046384     -0.19418755615723
  C   -5.95123325177263      3.52442237819145     -0.19713703584257
  C   -4.76631157696876      2.81139740070585     -0.13615957336534
  C   -4.77415122812947      1.40363267642756     -0.06668542823824
  C   -3.56244643171440      0.64445572598542      0.01448101742226
  C   -3.57969916652989     -0.71951759056952      0.08314318815140
  C   -4.81032551246541     -1.46193335809374      0.06800487391070
  C   -4.84176890370039     -2.88955081489879      0.12978745534962
  C   -6.09923837712506     -3.52976151454793      0.12316233536013
  C   -7.28873110156703     -2.81715771011403      0.07538445057979
  C   -7.28880274517643     -1.41150640670786      0.01043364099967
  C   -8.49976994636199     -0.65154789846534     -0.06576608440888
  C   -8.48677862744829      0.71218487839820     -0.13668374550187
  C   -7.25558911062808      1.45626525969559     -0.12757927032597
  C   -6.02596698916495      0.71306186640510     -0.06377460399121
  C   -6.03860250970859     -0.72075525599322      0.00340403806169
  C   -8.43708048556499      3.67629818393627     -0.24191968947596
  C   -3.60532203047087     -3.67570668525861      0.18303523370061
  C   -8.54483949595772      4.98508870849701     -0.58404564453846
  C   -3.49331174221850     -4.90822860647190      0.71495473444301
  C   -9.79051902129673      5.67878168835165     -0.57098969035335
  O   -2.32450751708666     -5.59166871346904      0.68325457005464
  N   -10.79804762091686      6.26070181831567     -0.56962531264387
  H   -5.90700044208304      4.61512288901908     -0.21987578416116
  H   -3.80936021119881      3.33993315315243     -0.12776952574848
  H   -2.61087854185236      1.18300174568684      0.02625665091259
  H   -2.63373280350307     -1.25599354411848      0.15988082762774
  H   -6.13901404678426     -4.62132406789282      0.12073384681997
  H   -8.24341648832115     -3.35056572393433      0.06386692326688
  H   -9.45215473910927     -1.18921102340118     -0.07169191638396
  H   -9.43815511717412      1.23881374527005     -0.20955354066068
  H   -9.36589468125316      3.17063815971023      0.03023825196348
  H   -2.68918123177207     -3.24828704932507     -0.23222841321256
  H   -7.67863628672360      5.57304230585752     -0.90165674508583
  H   -4.33609342832807     -5.41035627284726      1.20551227324426
  H   -2.41297428356330     -6.41672621796064      1.17506524822716