$coord
  -13.63978187056052      6.57345483767736     -0.42543318550322       c
  -11.25052943300584      7.75799329596114     -0.35232649867042       c
   -9.02652231971543      6.38597720280375     -0.23917500378037       c
   -9.06832104526772      3.72310322283204     -0.18968248481415       c
   -6.79503037635485      2.26244183291377     -0.04076261256875       c
   -6.85345955182058     -0.31750064543922      0.00952789235532       c
   -9.19042010887429     -1.69676628322219     -0.10197805557538       c
   -9.27661395365822     -4.39709983270700     -0.06887001959030       c
  -11.66445395257683     -5.58230597443962     -0.15905216788517       c
  -13.89687091075909     -4.21133283050749     -0.24801188296137       c
  -13.87027869422967     -1.55229272683189     -0.28965908019754       c
  -16.14224270866528     -0.09061690518763     -0.42958469468558       c
  -16.09211205545861      2.48913284401608     -0.48417134355178       c
  -13.75373971768853      3.87177615764567     -0.38385197199708       c
  -11.44541189113154      2.44158632619809     -0.26547512143988       c
  -11.49603930338689     -0.27033964865700     -0.22163557506659       c
  -15.94292547914805      8.09349998523808     -0.51126653706422       c
   -6.95715257598747     -5.90561445962081      0.02920151264993       c
  -16.11132196296537     10.59234994998297     -1.06486869401493       c
   -6.78919744493555     -8.28303933278658      0.93299672865359       c
  -18.45326828115612     11.92375602403516     -1.04599718429676       c
   -4.60430986673129     -9.59091213386449      0.85198378278280       o
   -4.54592852320932    -11.92369945363940      2.15565278193973       c
  -20.34672518476663     13.04157465928177     -1.04776319583447       n
  -11.14637049896170      9.81846857690694     -0.33206203182015       h
   -7.20947589354210      7.36597021895593     -0.16163891068476       h
   -4.98820991003359      3.26147885472862      0.04349521433352       h
   -5.07749876173819     -1.35149166023467      0.15377871020843       h
  -11.75911690668528     -7.64298894446499     -0.22653234967453       h
  -15.70968926475381     -5.20026641435513     -0.33173781417565       h
  -17.95064658886802     -1.08854719745246     -0.50299496096027       h
  -17.87838513435747      3.50486672097770     -0.62173041250189       h
  -17.71803498434459      7.13544865644034     -0.07661646036814       h
   -5.19913597331505     -5.08102351894407     -0.67204240024610       h
  -14.45101555008390     11.71095143962396     -1.58064036332105       h
   -8.40461486005624     -9.27020610523009      1.78283657223721       h
   -2.68700663299509    -12.77514576581392      1.79854521247505       h
   -4.78337277241167    -11.65942694748949      4.21392829095751       h
   -6.02687665097254    -13.22575732676375      1.46532450389689       h
$end
