$coord
   -2.12497435042818      9.18582017488093     -4.70322955849324      c
    1.38069154329839      5.85455918389481     -9.80418108169629      c
    0.62744482029643      8.28110717867491     -4.90274929937519      c
    0.82834689583855      4.24365704669704     -7.46745347037317      c
    0.81956571648264      4.10581210837189     -2.84265850646342      c
    0.71743754677597      1.42078151611449     -2.91780705628880      c
    0.80469187112832      5.22629252170678     -0.39146621534685      c
    0.66684995636497     -0.00328207633325     -0.71504968884490      c
    0.75187421491764      3.77643945889105      1.78398139706180      c
    0.68800562930276      1.10333455026094      1.71253973400248      c
    0.62777533339563     -0.49028528563668      3.93962751427356      c
    0.61104823363089      0.26850986223979      6.40794507044932      c
    0.51859319401096     -1.34857375808425      8.59326158857122      c
    0.42370059666288     -0.27777953579892     10.96930211732800      c
    0.46073393747240     -4.19469915609591      8.33340270355735      c
    0.70636904291882     -8.44517868102068     10.44831275059101      c
    0.24426127455382     -1.68501152662722     13.26598643207030      c
    1.38080001357794     -5.63097850513106     10.70744087851248      c
    0.19274563964300     -0.40684348374077     15.55561847788811      c
    0.02580874557446     -4.52645134871287     13.05062436119516      c
    4.26851337030469     -5.37066892043648     10.99353955562983      c
   -0.01668099044730     -1.50056745384970     17.98642723816140      c
   -0.08718327065006     -0.08369842670364     20.18039473350922      c
   -0.29299428774611     -0.98711072441808     22.68664532910244      c
   -0.34605741938038     -3.74030959614172     23.58444079385665      c
   -0.49265141171733      0.51350302772167     24.84207828520734      c
   -0.73409945098941     -1.09700623541479     27.02723568838954      c
   -0.99041377671131     -0.55881790429975     29.56869603908201      c
   -2.33586041600453     12.06498478856510     -4.56967845586846      c
    1.39173321304458      4.24142905959610    -12.20587313081396      c
    0.93994240445697      5.54235771981800     -5.02052799187339      n
    2.32577929404749     -4.95663994207943     23.36448574363562      c
   -0.48540468997461      3.19775656459662     24.78743118513541      c
   -2.49662792119401     -5.32441352716617     22.47374349266895      c
   -0.73174466326551     -3.53406243025610     26.28069881593829      o
   -1.03408685923232      1.96656938083972     30.52117356384146      c
   -1.22904291152330     -2.57535825791600     31.35322092137725      c
    2.96827219244693     -5.38407766112637     20.94092143743369      f
    4.06547042403599     -3.42238075012639     24.36025368137583      f
    2.43891492945749     -7.15753403956445     24.59127440086484      f
   -0.47274617055619      5.38337997424116     24.56648686328813      n
   -2.18019422648849     -7.75559664218475     21.46506211145610      c
   -4.26587304496336     -9.10162550609697     20.55319933645756      c
   -6.68433225603961     -8.05357243696800     20.65290053090236      c
   -7.01601056036511     -5.63699690489277     21.67157289413611      c
   -4.93898536473273     -4.28597217202488     22.56881126762879      c
   -1.08045714785100      3.98861431768439     31.37859767555963      n
   -1.43157619865619     -4.18676060561897     32.83215875897709      n
   -3.19424772112842      8.46960358015408     -6.34645035879220      h
   -3.00965379306921      8.32505351559353     -3.02286864785872      h
   -0.03816415292249      7.36725678973848    -10.00790376245202      h
    3.23067294807103      6.79343540487227     -9.58982037669459      h
    1.73257895674585      9.02133595634955     -3.30268776506394      h
    1.50611814639556      9.12053070419295     -6.58451295371202      h
    2.22640048687955      2.69721101096629     -7.43686220592250      h
   -1.03964870116231      3.32148543774343     -7.71323427370379      h
    0.66790612429602      0.42305298751997     -4.71483814607681      h
    0.83861963602462      7.27259738459418     -0.18108300589226      h
    0.59488313841562     -2.06408907544625     -0.87484738658721      h
    0.75526400563999      4.75686074180057      3.60085744574757      h
    0.58165392170756     -2.52031696097448      3.54084276759126      h
    0.63673962721302      2.29538645083991      6.82229775889152      h
    0.47919221533990      1.78497482608551     11.12328191525043      h
   -1.50253106826580     -4.77130618624243      7.89852815631956      h
    1.59735865903519     -4.79133822802653      6.69332735239283      h
    1.34560877779471     -9.52329464717588     12.11239404860710      h
    1.61603576718793     -9.27941245168266      8.76982984977914      h
   -1.35038902899956     -8.72330706026220     10.26123307678747      h
    0.31259811759037      1.65962418997855     15.47791501834224      h
   -2.00743622006565     -5.00434588912299     12.93154421431493      h
    0.73736149622574     -5.46147970935537     14.76698190888722      h
    4.86391467162368     -3.38520889239194     11.16415612440824      h
    4.93591739436940     -6.38047449972086     12.68928699431628      h
    5.24818310913444     -6.18879957890007      9.34708467804118      h
   -0.14079177724389     -3.55401151306332     18.12683521202938      h
   -0.00834295186761      1.97664237697442     19.99968098010171      h
   -4.32132668014528     12.67364667604581     -4.43752782927464      h
   -1.33669796322665     12.82675039693687     -2.90557202449491      h
   -1.51272311714635     12.97208677653787     -6.25725604160031      h
    1.76344064100495      5.40920345967939    -13.88704662368207      h
    2.85980096803035      2.76412394536794    -12.12802756386352      h
   -0.44024363710308      3.29040171066469    -12.49344031410276      h
   -0.32433917497528     -8.64098227547855     21.38537632920550      h
   -3.98641940079064    -10.99544950182399     19.77740364544612      h
   -8.30868943221734     -9.11730172916380     19.94818027402728      h
   -8.90050063184476     -4.79788442829484     21.77049306477361      h
   -5.22491812389634     -2.40001302745594     23.35923684035185      h
$user-defined bonds
$end
