51
Energy =
O     1.1818397   -0.3267282   -2.0078276 
N     1.3675460   -0.3252370   -5.4996629 
N    -2.7929091    0.7309940   -4.5009225 
N    -3.3351884    0.8326936   -0.8532400 
N    -0.0016961   -0.0074567   12.8970761 
C    -0.0720439    0.0027572   -2.3367048 
C    -0.8483495    0.1929000   -1.1281965 
C    -0.0260216   -0.0291749   -0.0317829 
C     1.3588102   -0.3861450   -0.5615161 
C    -0.4194158    0.1084858   -3.6717523 
C     0.5700360   -0.1324874   -4.6760271 
C    -1.7358947    0.4536786   -4.1038940 
C    -2.2223411    0.5473838   -1.0296605 
C     0.2390662   -0.0825703   11.5464860 
C     1.5211594   -0.4245401   11.0366417 
H     2.3470544   -0.6349677   11.7147560 
C     1.7472335   -0.4972796    9.6707321 
H     2.7476117   -0.7641554    9.3169520 
C     0.7335468   -0.2380045    8.7196138 
C    -0.5411526    0.1024146    9.2333494 
H    -1.3647942    0.3126563    8.5470509 
C    -0.7869615    0.1797647   10.5934510 
H    -1.7888582    0.4477732   10.9262965 
C     1.0696142   -0.2603330   13.8436324 
H     1.4867088   -1.2776651   13.7333547 
H     0.6822951   -0.1677778   14.8659454 
H     1.9025575    0.4579969   13.7311147 
C    -1.3186224    0.3582851   13.3873789 
H    -1.6199799    1.3689525   13.0564077 
H    -1.3126713    0.3531314   14.4844953 
H    -2.0960997   -0.3518498   13.0523507 
C    -0.4388208    0.0717207    1.3270566 
H    -1.4880989    0.3493381    1.4746649 
C     0.3287158   -0.1373060    2.4492249 
H     1.3813175   -0.4187746    2.3418326 
C    -0.1516558   -0.0113690    3.7838244 
H    -1.2013724    0.2729432    3.9233249 
C     0.6345666   -0.2244714    4.8897386 
H     1.6828589   -0.5091466    4.7285456 
C     0.2050163   -0.1055710    6.2451546 
H    -0.8394776    0.1789094    6.4137626 
C     1.0375514   -0.3269053    7.3086054 
H     2.0729643   -0.6067351    7.0756131 
C     2.4356496    0.6488527   -0.2164493 
H     3.3519156    0.4211240   -0.7815236 
H     2.6717913    0.6354751    0.8569418 
H     2.1008949    1.6609450   -0.4876840 
C     1.7898015   -1.8213201   -0.2376388 
H     1.0041655   -2.5358050   -0.5243624 
H     1.9955217   -1.9421130    0.8353394 
H     2.7038849   -2.0619162   -0.8009394 