$coord
  -13.44380289075793      6.28041112913113     -0.49176247109287       c
  -11.05061408808270      7.46277766149198     -0.41400113924492       c
   -8.83294175637665      6.08890873693375     -0.27391666224051       c
   -8.88185783230032      3.42422177172380     -0.20600877625674       c
   -6.61225743679134      1.96257203211712     -0.04135255027558       c
   -6.67496653567816     -0.61780554721546      0.02370393738000       c
   -9.01184300898611     -1.99453296786907     -0.08718099315355       c
   -9.10103364385418     -4.69552587432426     -0.03496035116981       c
  -11.49065704011293     -5.87714321470600     -0.12700910101151       c
  -13.72025862266339     -4.50275978788601     -0.23011702538816       c
  -13.69058627779781     -1.84391206470286     -0.28733083253808       c
  -15.95985946869123     -0.37941482196945     -0.42720664541875       c
  -15.90728904249321      2.20034405346961     -0.49583580033613       c
  -13.56628828837439      3.57752300845760     -0.42686328663841       c
  -11.25999941544801      2.14523898928756     -0.28770110163196       c
  -11.31477011326953     -0.56580541128237     -0.22436763441223       c
  -15.73749145955389      7.79311708826698     -0.63188220693624       c
   -6.78365576531799     -6.20366045376587      0.08879834645427       c
  -15.90824905711694     10.33046463371492     -0.75935655318223       c
   -6.62359424953781     -8.57941640469804      1.00006497042730       c
   -4.43309383391875     -9.87729024996410      0.96105174333583       o
   -4.40629095398923    -12.23733501311059      2.21826771663779       c
  -18.36668963922617     11.54934309287810     -0.88600537991757       n
  -18.33635095419229     13.86287361932993     -1.00776058318833       o
  -20.28546541978190     10.25415434517335     -0.86584840425051       o
  -10.94037185499426      9.52230924961443     -0.45777639067478       h
   -7.01297468031434      7.06404005936862     -0.21035481100467       h
   -4.80392612625722      2.95845994166552      0.04357341789952       h
   -4.89992333389061     -1.65120795570824      0.18121222960247       h
  -11.59055364059376     -7.93796650992031     -0.18050017908811       h
  -15.53435731036725     -5.48960793120980     -0.31016527692043       h
  -17.77118926171211     -1.37314541414711     -0.48055844754498       h
  -17.69342306341021      3.21838080640183     -0.60507295320753       h
  -17.56417141963968      6.83644188518017     -0.63901080113309       h
   -5.01709125038791     -5.37904881075426     -0.59008745158156       h
  -14.38226509097953     11.70749559632036     -0.78945290807821       h
   -8.24895620288180     -9.56888576356485      1.82767156446912       h
   -2.52856188594641    -13.06759384721720      1.91484050639586       h
   -4.72413665192971    -12.01701532569457      4.27064021361412       h
   -5.84969998395914    -13.53421960921756      1.44449413229015       h
$end
